"cac40" <-
structure(list(), Data = structure(c(2290.6, 2274.3, 2249.6, 
2275.1, 2307.6, 2317.3, 2331.3, 2281.9, 2252.2, 2262.3, 2234.8, 
2247.4, 2274.7, 2257.8, 2244, 2274.5, 2278.3, 2282.4, 2281, 2313.2, 
2334.4, 2331.3, 2355.9, 2322, 2329.2, 2287.1, 2299.9, 2302.1, 
2296.8, 2275.1, 2281.6, 2258, 2258, 2281.2, 2251.8, 2215.2, 2226.7, 
2252, 2208.3, 2199, 2238.1, 2183.1, 2144.7, 2144.7, 2178.7, 2219.9, 
2216.4, 2199.7, 2184.6, 2175, 2215, 2258.5, 2242.7, 2247.8, 2221.3, 
2202.7, 2200.7, 2200.2, 2152.6, 2136.6, 2144.5, 2123.4, 2083.9, 
2081.9, 2100.3, 2128.2, 2119.6, 2114.8, 2145.3, 2148.6, 2152.4, 
2139.1, 2159.6, 2160.1, 2136, 2102.7, 2092, 2135.2, 2116.3, 2130.9, 
2147.3, 2150.3, 2166, 2186.2, 2179, 2141.6, 2162.6, 2158.2, 2139.4, 
2165, 2176.7, 2187, 2187.8, 2195.2, 2184, 2165.4, 2155.4, 2133.3, 
2084.4, 2091.9, 2050.7, 2052.5, 2029.9, 1979.7, 2007.4, 2041.7, 
2037.2, 2023.7, 2046.8, 2028.4, 2020.7, 1977.7, 1992, 1966.4, 
1942.8, 1936, 1903, 1890.8, 1917, 1939, 1907, 1911.6, 1925.8, 
1936.3, 1892, 1872.9, 1866.2, 1878.7, 1889, 1920.8, 1920.8, 1949.8, 
1942.1, 1974.6, 2025.1, 2052.3, 2043.7, 2053.8, 2041.4, 2059.8, 
2076.8, 2055.7, 2053.4, 2075, 2069.6, 2117.2, 2115, 2096.5, 2107.1, 
2106.3, 2074.5, 2064.2, 2038.9, 2007, 2012.4, 2035, 2010.5, 2001.3, 
1972.6, 2000.6, 2006.3, 2026.5, 2062.7, 2075.3, 2060.4, 2069.1, 
2034.9, 2020.4, 1998.2, 1961.5, 1964.2, 1983.4, 1948.8, 1966.8, 
1969.4, 1952.9, 1977.3, 1924.6, 1922.9, 1919.3, 1897.2, 1899.4, 
1927.4, 1902.7, 1901.3, 1905, 1876.2, 1879.3, 1852.8, 1876.1, 
1833.7, 1843.4, 1856.4, 1898.3, 1919, 1918.1, 1955.6, 1933, 1906.4, 
1898.6, 1876.3, 1867.4, 1842.1, 1841.6, 1824.4, 1831.5, 1858.1, 
1905.7, 1873.6, 1911.1, 1931.7, 1906.1, 1921.5, 1943.9, 1948.4, 
1941.1, 1954.5, 1950.2, 1927.5, 1926.5, 1927.8, 1911.4, 1893.1, 
1934.7, 1945.9, 1952.4, 1940, 1975.9, 1964, 1982.7, 1973.7, 1969, 
1969.8, 1954.1, 1937, 1919.3, 1917.1, 1930.2, 1931.1, 1924.2, 
1928.1, 1924.7, 1940.9, 1952.1, 1949.9, 1966.6, 1956, 1927.8, 
1894.2, 1881.2, 1885.9, 1901.8, 1871.5, 1886.4, 1864.2, 1859.2, 
1849.1, 1844.1, 1854, 1872.8, 1856.9, 1860.3, 1837.1, 1813.3, 
1772.8, 1780.2, 1802.5, 1826.3, 1814.1, 1813.4, 1797.9, 1827.8, 
1816.1, 1842.4, 1872.1, 1870.4, 1850.9, 1874.4, 1869.4, 1850.1, 
1856.1, 1861.9, 1835, 1822.5, 1802.2, 1805.6, 1804.4, 1827, 1805.7, 
1802.2, 1776.9, 1808.4, 1807.4, 1795.2, 1773.3, 1748.6, 1756.8, 
1727.1, 1743.1, 1721.8, 1769, 1738.6, 1785.8, 1788.8, 1811.6, 
1813.8, 1818, 1795.7, 1817.3, 1836.1, 1837.2, 1852.4, 1893, 1859.5, 
1864, 1882.8, 1872.9, 1890.2, 1900.4, 1880.9, 1869.3, 1871.9, 
1881.1, 1855.7, 1874.9, 1882, 1928.4, 1918.5, 1945.9, 1942.3, 
1931, 1918.5, 1936.9, 1971.1, 1946.2, 1927.4, 1988.7, 1996.7, 
2003.6, 2017.3, 1991.5, 2001.3, 2004.7, 1989.8, 1965.5, 1979.5, 
1965.3, 1960.7, 1919.1, 1927.8, 1927.3, 1948, 1960.8, 1971.3, 
1965.9, 1974.7, 1951.2, 1897, 1907.8, 1922.8, 1893.7, 1920.7, 
1905, 1918.4, 1896.1, 1902.8, 1925.2, 1895.1, 1902.4, 1877.7, 
1865.5, 1861.9, 1858.8, 1879.7, 1889.4, 1907.8, 1889.5, 1950.8, 
1949.4, 1961.3, 1961.7, 1948.3, 1951.5, 1929, 1931.2, 1905.9, 
1908.9, 1926.6, 1941.3, 1942.5, 1947.9, 1932.8, 1920, 1917.8, 
1960, 1950.8, 1957.1, 1950.4, 1954.7, 1943.7, 1949.2, 1946.2, 
1970.4, 1967.3, 1971.6, 1984.4, 1963.3, 1957.4, 1939.2, 1937.8, 
1890.1, 1899.5, 1921.4, 1883.4, 1881.7, 1900.5, 1902.5, 1884.8, 
1861.7, 1854.9, 1869.7, 1873.6, 1898.2, 1892.4, 1880, 1871.7, 
1882.5, 1863.8, 1853.9, 1790.7, 1800.6, 1816.3, 1791.8, 1767.6, 
1788.4, 1780.7, 1800.7, 1803.9, 1800.3, 1809.6, 1785.7, 1778, 
1794.4, 1803.8, 1817, 1790.5, 1779.7, 1770.7, 1757.3, 1740.7, 
1721.1, 1724.2, 1764.1, 1754.1, 1742.4, 1795.3, 1814, 1828.7, 
1832.1, 1822.6, 1857.4, 1866.3, 1852.6, 1839.8, 1838.2, 1838.2, 
1875.2, 1905.1, 1890.5, 1881.4, 1872.9, 1875.5, 1867.1, 1891, 
1889.8, 1870.3, 1857.3, 1828.3, 1820.9, 1774.9, 1814.9, 1834.8, 
1846.8, 1856.3, 1849.6, 1848.9, 1833.8, 1875, 1859.3, 1820.5, 
1810.2, 1831.2, 1834.4, 1873.4, 1866.7, 1877, 1879.1, 1872, 1908.4, 
1943, 1931.2, 1917.7, 1916.6, 1916.3, 1910.1, 1897.9, 1907.6, 
1924.4, 1952.1, 1966, 1960.1, 1964.3, 1954.4, 1934.1, 1946, 1950.2, 
1966.7, 1980.7, 2003.1, 2021, 2024.1, 2022.2, 1985.6, 1988.5, 
1983.3, 1956.2, 1960.7, 1967.7, 1983.3, 1956.4, 1964.2, 1952.5, 
1939.7, 1932.4, 1936.9, 1953.3, 1976.9, 1960.9, 1974.5, 1996.9, 
1990.8, 2017.2, 2015.3, 2001.9, 2005.9, 2008, 1975.5, 1948.9, 
1932.1, 1944.3, 1962.4, 1950.1, 1965, 1967.2, 1969.8, 1976.9, 
1974.4, 2003.8, 2008, 2030.5, 2020, 2044.8, 2055.6, 2070.4, 2064, 
2075, 2081.7, 2093.9, 2072.5, 2074.7, 2080.6, 2097.3, 2075.1, 
2086, 2092.5, 2116.5, 2112, 2122.1, 2116.4, 2138.4, 2130.8, 2146.8, 
2136.8, 2115.4, 2090.4, 2083.7, 2085.4, 2114.8, 2100.9, 2122.1, 
2124.6, 2136.9, 2120.6, 2129.7, 2103.5, 2114.5, 2117.7, 2132.9, 
2117.1, 2108.4, 2110.1, 2121.1, 2111, 2115.4, 2133.2, 2102, 2120.8, 
2137.5, 2137.3, 2126.2, 2111.8, 2113, 2107.9, 2100.7, 2077.1, 
2084.2, 2097.6, 2118.4, 2113.3, 2112.9, 2123.7, 2118.8, 2111.8, 
2114, 2126.8, 2098.8, 2079.1, 2076.6, 2081.9, 2073.4, 2050.6, 
2029.5, 1989.5, 1995.1, 2007.3, 1992.8, 1960.3, 1982.2, 1954.1, 
1974.7, 1962.9, 1961.1, 1968.5, 1995.9, 2009.9, 2023.4, 2013.2, 
1999.3, 1996.7, 1997.4, 1985.4, 1978.2, 1980.6, 1979.5, 1986.2, 
2019.3, 2000.6, 2017.8, 2020.8, 2020.4, 2018, 2002.9, 1977.6, 
1970.6, 1977, 1971.4, 1984.8, 1996.2, 2004.8, 2020.3, 2042.1, 
2038.1, 2065.4, 2080.4, 2086.2, 2080.9, 2072.7, 2082.3, 2079.5, 
2067.1, 2081.5, 2103.4, 2104.1, 2107.1, 2132.8, 2123.2, 2141.8, 
2136.1, 2152.7, 2151.6, 2161.5, 2146.7, 2135.6, 2147.1, 2143.6, 
2168.3, 2158.5, 2165.3, 2185.2, 2180.2, 2175.6, 2148.9, 2151.6, 
2162.4, 2150.4, 2125.7, 2124.8, 2140.5, 2142.2, 2187.3, 2213.4, 
2211.8, 2205.2, 2229.1, 2217.2, 2218.2, 2240.3, 2228.8, 2240.1, 
2233.4, 2233.6, 2255.5, 2277.1, 2275.1, 2270.8, 2290.3, 2315.7, 
2318.6, 2349.1, 2308.7, 2292.5, 2240.7, 2255.8, 2251.4, 2213.3, 
2212.1, 2203.4, 2222.6, 2193.7, 2218.9, 2248.7, 2278.5, 2287.4, 
2289.6, 2303.8, 2307, 2318.6, 2315.7, 2257, 2282.8, 2306.7, 2301.7, 
2331.6, 2349.1, 2327.5, 2361.3, 2402.1, 2388, 2407.8, 2425.1, 
2406.1, 2409.9, 2442.5, 2461.3, 2430.3, 2435.2, 2482.8, 2465, 
2503.1, 2516.6, 2508.6, 2503.1, 2541.3, 2558.4, 2597.5, 2595.4, 
2582.1, 2599.3, 2628.4, 2627.4, 2634.5, 2617.5, 2594.8, 2575.2, 
2562.8, 2567.9, 2607.7, 2602.2, 2629.4, 2607.8, 2600.3, 2651.7, 
2666.2, 2698.9, 2708.3, 2709.2, 2686.2, 2641.7, 2632.1, 2645.6, 
2588.4, 2574, 2596.8, 2553.7, 2587.1, 2579.3, 2624.3, 2648.7, 
2656.7, 2581.8, 2530.3, 2514.5, 2518, 2572.3, 2579, 2617.6, 2608, 
2574.6, 2566.1, 2620.6, 2621, 2615.2, 2547.6, 2522.7, 2514.7, 
2533.6, 2539.8, 2536.3, 2550.3, 2602.9, 2639.5, 2655.3, 2672.8, 
2651.9, 2643.3, 2633.9, 2693.1, 2719.6, 2774.6, 2776, 2784.3, 
2751.1, 2786.4, 2741.7, 2762.9, 2654.7, 2680.3, 2583.2, 2579.2, 
2583.9, 2601.5, 2624.5, 2635.4, 2690.9, 2719.3, 2686.2, 2664.2, 
2696.2, 2760.3, 2808.5, 2795.9, 2762.6, 2751.7, 2739.7, 2757.1, 
2762.2, 2784.8, 2867.4, 2893.6, 2891, 2858.3, 2944, 2909.5, 2937, 
2934.5, 2947.7, 2929.8, 2950.6, 2929.1, 2941.6, 2950.7, 2988, 
2958.6, 2876.7, 2874.1, 2921.1, 3003.5, 2973.5, 3025.9, 3022.2, 
3023.6, 3069.3, 3075.7, 3049.5, 2992.4, 2984.1, 3037.1, 3056.3, 
2996.3, 2983.4, 2998.6, 2924, 2921.8, 2870.1, 2936.2, 2979.3, 
2957.2, 2904.2, 2898.6, 2869.3, 2871.7, 2828.4, 2770.5, 2805.8, 
2921.2, 2918, 2927, 2924.5, 2940.9, 2919.7, 2874.6, 2843.6, 2834.1, 
2898.6, 2940.6, 2944, 2978.4, 2977.2, 3017.5, 2997.2, 3023.7, 
3005.4, 2985.6, 2989, 3008.3, 3054.9, 3052.1, 3094, 3078, 3064.4, 
3024.1, 2960.7, 2955.1, 3002.9, 3002.5, 2992.2, 2992.9, 2958, 
2946.7, 2989.9, 2958.1, 2856.9, 2849, 2769.6, 2651.3, 2818, 2739.5, 
2739.3, 2788, 2774.9, 2822.4, 2781.8, 2707.1, 2694.5, 2700.7, 
2698.9, 2773, 2782.6, 2790.6, 2821.2, 2861.7, 2802.5, 2786.3, 
2811.7, 2829, 2854.4, 2918.5, 2913.1, 2902.4, 2914.5, 2910.1, 
2932.5, 2959.4, 2932.2, 2828.5, 2830.3, 2838.3, 2912.2, 2893.3, 
