`cac40.df` <-
structure(list(DATE = structure(c(165L, 189L, 196L, 204L, 212L, 
1L, 9L, 16L, 24L, 32L, 56L, 64L, 71L, 86L, 94L, 118L, 126L, 133L, 
141L, 149L, 181L, 867L, 953L, 1034L, 1042L, 1066L, 1074L, 1081L, 
874L, 882L, 906L, 914L, 921L, 929L, 937L, 969L, 977L, 984L, 992L, 
1000L, 1024L, 1089L, 1176L, 1258L, 1278L, 1302L, 1310L, 1318L, 
1097L, 1105L, 1129L, 1137L, 1145L, 1152L, 1160L, 1191L, 1199L, 
1207L, 1214L, 1222L, 1245L, 1252L, 1266L, 1272L, 1491L, 1496L, 
1502L, 1509L, 1337L, 1345L, 1352L, 1356L, 1362L, 1382L, 1389L, 
1402L, 1408L, 1413L, 1434L, 1442L, 1449L, 1455L, 1462L, 1589L, 
1664L, 1686L, 1692L, 1699L, 1717L, 1522L, 1529L, 1541L, 1563L, 
1570L, 1577L, 1583L, 1597L, 1625L, 1631L, 1636L, 1643L, 1671L, 
1679L, 1725L, 1801L, 1879L, 1906L, 1914L, 1921L, 1927L, 1730L, 
1751L, 1759L, 1766L, 1772L, 1779L, 1808L, 1816L, 1823L, 1829L, 
1836L, 1858L, 1866L, 1873L, 1886L, 1934L, 2107L, 2115L, 2122L, 
2128L, 2135L, 1949L, 1957L, 1964L, 1992L, 2000L, 2014L, 2020L, 
2027L, 2049L, 2057L, 2064L, 2070L, 2077L, 2149L, 2221L, 2301L, 
2320L, 2327L, 2349L, 2357L, 2157L, 2163L, 2170L, 2195L, 2201L, 
2207L, 2214L, 2243L, 2251L, 2258L, 2264L, 2271L, 2293L, 2307L, 
2314L, 2364L, 2444L, 2543L, 2551L, 2558L, 2564L, 2571L, 2386L, 
2394L, 2401L, 2407L, 2414L, 2436L, 2451L, 2458L, 2464L, 2471L, 
2493L, 2501L, 2508L, 2514L, 2528L, 393L, 416L, 423L, 429L, 436L, 
243L, 251L, 258L, 264L, 271L, 293L, 301L, 308L, 322L, 329L, 351L, 
359L, 366L, 372L, 379L, 527L, 606L, 619L, 641L, 649L, 656L, 461L, 
485L, 493L, 500L, 506L, 513L, 541L, 549L, 556L, 562L, 569L, 591L, 
599L, 613L, 662L, 742L, 832L, 840L, 847L, 853L, 860L, 684L, 692L, 
699L, 705L, 712L, 734L, 749L, 756L, 762L, 769L, 782L, 786L, 793L, 
799L, 813L, 166L, 190L, 197L, 205L, 228L, 2L, 10L, 17L, 25L, 
48L, 57L, 65L, 72L, 87L, 110L, 119L, 127L, 134L, 142L, 173L, 
182L, 868L, 954L, 1035L, 1058L, 1067L, 1075L, 1082L, 875L, 898L, 
907L, 915L, 922L, 930L, 961L, 970L, 978L, 985L, 993L, 1016L, 
1025L, 1090L, 1177L, 1259L, 1294L, 1303L, 1311L, 1319L, 1098L, 
1121L, 1130L, 1138L, 1146L, 1153L, 1183L, 1192L, 1200L, 1208L, 
1215L, 1237L, 1246L, 1253L, 1267L, 1273L, 1469L, 1484L, 1492L, 
1497L, 1503L, 1330L, 1338L, 1346L, 1353L, 1383L, 1390L, 1403L, 
1409L, 1427L, 1435L, 1443L, 1450L, 1456L, 1590L, 1665L, 1687L, 
1693L, 1718L, 1523L, 1530L, 1535L, 1555L, 1564L, 1571L, 1578L, 
1584L, 1610L, 1618L, 1626L, 1637L, 1656L, 1672L, 1680L, 1726L, 
1802L, 1907L, 1915L, 1922L, 1928L, 1744L, 1752L, 1760L, 1767L, 
1773L, 1793L, 1809L, 1817L, 1824L, 1830L, 1850L, 1859L, 1867L, 
1874L, 1887L, 2084L, 2108L, 2116L, 2123L, 2129L, 1941L, 1950L, 
1958L, 1965L, 1984L, 1993L, 2001L, 2015L, 2021L, 2041L, 2050L, 
2058L, 2065L, 2071L, 2099L, 2150L, 2222L, 2302L, 2321L, 2341L, 
2350L, 2358L, 2158L, 2164L, 2196L, 2202L, 2208L, 2235L, 2244L, 
2252L, 2259L, 2265L, 2285L, 2294L, 2308L, 2315L, 2365L, 2535L, 
2544L, 2552L, 2559L, 2565L, 2378L, 2387L, 2395L, 2402L, 2408L, 
2428L, 2437L, 2452L, 2459L, 2465L, 2485L, 2494L, 2502L, 2509L, 
2515L, 314L, 394L, 417L, 424L, 430L, 450L, 244L, 252L, 259L, 
265L, 285L, 294L, 302L, 309L, 323L, 343L, 352L, 360L, 367L, 373L, 
401L, 409L, 528L, 607L, 633L, 642L, 650L, 657L, 462L, 477L, 486L, 
494L, 501L, 507L, 533L, 542L, 550L, 557L, 563L, 583L, 592L, 600L, 
614L, 663L, 824L, 833L, 841L, 848L, 854L, 676L, 685L, 693L, 700L, 
706L, 726L, 735L, 750L, 757L, 763L, 783L, 787L, 794L, 800L, 79L, 
167L, 191L, 198L, 220L, 229L, 3L, 11L, 18L, 40L, 49L, 58L, 66L, 
73L, 102L, 111L, 120L, 128L, 135L, 157L, 174L, 183L, 869L, 955L, 
1050L, 1059L, 1068L, 1076L, 1083L, 890L, 899L, 908L, 916L, 923L, 
945L, 962L, 971L, 979L, 986L, 1008L, 1017L, 1026L, 1032L, 1091L, 
1279L, 1286L, 1295L, 1304L, 1312L, 1106L, 1113L, 1122L, 1131L, 
1139L, 1161L, 1168L, 1184L, 1193L, 1201L, 1223L, 1230L, 1238L, 
1247L, 1254L, 1325L, 1396L, 1470L, 1485L, 1515L, 1331L, 1339L, 
1347L, 1363L, 1369L, 1375L, 1384L, 1391L, 1414L, 1420L, 1428L, 
1436L, 1444L, 1463L, 1477L, 1591L, 1666L, 1700L, 1706L, 1719L, 
1524L, 1542L, 1548L, 1556L, 1572L, 1598L, 1604L, 1611L, 1619L, 
1627L, 1649L, 1657L, 1673L, 1681L, 1880L, 1893L, 1899L, 1908L, 
1916L, 1731L, 1737L, 1745L, 1753L, 1761L, 1780L, 1786L, 1794L, 
1810L, 1818L, 1837L, 1843L, 1851L, 1860L, 1868L, 1935L, 2007L, 
2085L, 2109L, 2117L, 2136L, 2142L, 1942L, 1951L, 1959L, 1971L, 
1977L, 1985L, 1994L, 2002L, 2028L, 2034L, 2042L, 2051L, 2059L, 
2078L, 2092L, 2100L, 2151L, 2223L, 2328L, 2334L, 2342L, 2351L, 
2359L, 2171L, 2177L, 2184L, 2215L, 2228L, 2236L, 2245L, 2253L, 
2272L, 2278L, 2286L, 2295L, 2309L, 2445L, 2521L, 2536L, 2545L, 
2553L, 2572L, 2371L, 2379L, 2388L, 2396L, 2415L, 2421L, 2429L, 
2438L, 2453L, 2472L, 2478L, 2486L, 2495L, 2503L, 2529L, 236L, 
315L, 395L, 418L, 437L, 443L, 451L, 245L, 253L, 272L, 278L, 286L, 
295L, 303L, 330L, 336L, 344L, 353L, 361L, 380L, 386L, 402L, 410L, 
620L, 626L, 634L, 643L, 651L, 470L, 478L, 487L, 495L, 514L, 520L, 
534L, 543L, 551L, 570L, 576L, 584L, 593L, 601L, 743L, 806L, 825L, 
834L, 842L, 861L, 669L, 677L, 686L, 694L, 713L, 719L, 727L, 736L, 
751L, 770L, 776L, 784L, 788L, 814L, 820L, 80L, 168L, 206L, 213L, 
221L, 230L, 4L, 26L, 33L, 41L, 50L, 59L, 88L, 95L, 103L, 112L, 
121L, 143L, 150L, 158L, 175L, 184L, 1036L, 1043L, 1051L, 1060L, 
1069L, 876L, 883L, 891L, 900L, 909L, 931L, 938L, 946L, 963L, 
972L, 994L, 1001L, 1009L, 1018L, 1027L, 1260L, 1280L, 1287L, 
1296L, 1305L, 1099L, 1107L, 1114L, 1123L, 1132L, 1154L, 1162L, 
1169L, 1185L, 1194L, 1216L, 1224L, 1231L, 1239L, 1326L, 1397L, 
1471L, 1486L, 1504L, 1510L, 1516L, 1332L, 1340L, 1357L, 1364L, 
1370L, 1376L, 1385L, 1410L, 1415L, 1421L, 1429L, 1437L, 1457L, 
1464L, 1478L, 1592L, 1694L, 1701L, 1707L, 1720L, 1536L, 1543L, 
1549L, 1557L, 1565L, 1599L, 1605L, 1612L, 1620L, 1638L, 1644L, 
1650L, 1658L, 1674L, 1803L, 1881L, 1894L, 1900L, 1909L, 1929L, 
1732L, 1738L, 1746L, 1754L, 1774L, 1781L, 1787L, 1795L, 1811L, 
1831L, 1838L, 1844L, 1852L, 1861L, 1888L, 1936L, 2008L, 2086L, 
2110L, 2130L, 2137L, 2143L, 1943L, 1952L, 1972L, 1978L, 1986L, 
1995L, 2022L, 2029L, 2035L, 2043L, 2052L, 2072L, 2079L, 2093L, 
2101L, 2152L, 2322L, 2329L, 2335L, 2343L, 2352L, 2165L, 2172L, 
2178L, 2185L, 2209L, 2216L, 2229L, 2237L, 2246L, 2266L, 2273L, 
2279L, 2287L, 2296L, 2366L, 2446L, 2522L, 2537L, 2546L, 2566L, 
2573L, 2372L, 2380L, 2389L, 2409L, 2416L, 2422L, 2430L, 2439L, 
2466L, 2473L, 2479L, 2487L, 2496L, 2516L, 2530L, 237L, 316L, 
396L, 431L, 438L, 444L, 452L, 246L, 266L, 273L, 279L, 287L, 296L, 
324L, 331L, 337L, 345L, 354L, 374L, 381L, 387L, 403L, 411L, 608L, 
621L, 627L, 635L, 644L, 471L, 479L, 488L, 508L, 515L, 521L, 535L, 
544L, 564L, 571L, 577L, 585L, 594L, 664L, 744L, 807L, 826L, 835L, 
855L, 862L, 670L, 678L, 687L, 707L, 714L, 720L, 728L, 737L, 764L, 
771L, 777L, 785L, 801L, 815L, 821L, 81L, 199L, 207L, 214L, 222L, 
231L, 19L, 27L, 34L, 42L, 51L, 74L, 89L, 96L, 104L, 113L, 136L, 
144L, 151L, 159L, 176L, 956L, 1037L, 1044L, 1052L, 1061L, 1084L, 
877L, 884L, 892L, 901L, 924L, 932L, 939L, 947L, 964L, 987L, 995L, 
1002L, 1010L, 1019L, 1178L, 1261L, 1281L, 1288L, 1297L, 1320L, 
1100L, 1108L, 1115L, 1124L, 1147L, 1155L, 1163L, 1170L, 1186L, 
1209L, 1217L, 1225L, 1232L, 1240L, 1268L, 1274L, 1327L, 1398L, 
1472L, 1498L, 1505L, 1511L, 1517L, 1358L, 1365L, 1371L, 1377L, 
1404L, 1411L, 1416L, 1422L, 1430L, 1451L, 1458L, 1465L, 1479L, 
1688L, 1695L, 1702L, 1708L, 1531L, 1537L, 1544L, 1550L, 1558L, 
1579L, 1585L, 1600L, 1613L, 1632L, 1639L, 1645L, 1651L, 1659L, 
1804L, 1882L, 1895L, 1901L, 1923L, 1930L, 1733L, 1739L, 1747L, 
1768L, 1775L, 1782L, 1788L, 1796L, 1825L, 1832L, 1839L, 1845L, 
1853L, 1875L, 1889L, 1937L, 2009L, 2087L, 2124L, 2131L, 2138L, 
2144L, 1944L, 1973L, 1979L, 1987L, 2016L, 2023L, 2030L, 2036L, 
2044L, 2066L, 2073L, 2080L, 2094L, 2102L, 2303L, 2323L, 2330L, 
2336L, 2344L, 2159L, 2166L, 2173L, 2179L, 2186L, 2203L, 2210L, 
2217L, 2230L, 2238L, 2260L, 2267L, 2274L, 2280L, 2288L, 2316L, 
