`danish.df` <-
structure(list(DATE = structure(c(104L, 123L, 128L, 136L, 136L, 
7L, 7L, 37L, 37L, 49L, 64L, 64L, 77L, 85L, 91L, 91L, 98L, 665L, 
670L, 679L, 570L, 586L, 601L, 616L, 626L, 630L, 636L, 642L, 647L, 
653L, 793L, 709L, 709L, 709L, 718L, 735L, 740L, 743L, 764L, 936L, 
815L, 819L, 834L, 840L, 842L, 889L, 889L, 895L, 951L, 951L, 996L, 
996L, 1063L, 1077L, 1084L, 955L, 980L, 989L, 1005L, 1005L, 1007L, 
1029L, 1042L, 1042L, 1143L, 1179L, 1099L, 1106L, 1118L, 1118L, 
1122L, 1130L, 1148L, 1184L, 1263L, 1320L, 1320L, 1335L, 1217L, 
1224L, 1234L, 1237L, 1286L, 1289L, 1289L, 1297L, 1304L, 1480L, 
1487L, 1487L, 1355L, 1381L, 1381L, 1396L, 1401L, 1413L, 1413L, 
1431L, 1435L, 1435L, 1435L, 1450L, 1450L, 1553L, 1615L, 1622L, 
1622L, 1632L, 1503L, 1510L, 1510L, 1518L, 1524L, 1524L, 1524L, 
1524L, 1580L, 1595L, 1609L, 155L, 155L, 270L, 277L, 277L, 283L, 
288L, 171L, 176L, 181L, 187L, 204L, 215L, 220L, 226L, 234L, 243L, 
257L, 390L, 400L, 411L, 295L, 308L, 316L, 336L, 336L, 340L, 347L, 
364L, 541L, 547L, 555L, 561L, 561L, 561L, 417L, 417L, 425L, 435L, 
450L, 450L, 461L, 486L, 496L, 502L, 504L, 527L, 1L, 1L, 1L, 105L, 
137L, 41L, 74L, 92L, 117L, 623L, 680L, 571L, 571L, 587L, 587L, 
596L, 607L, 617L, 617L, 643L, 654L, 694L, 694L, 784L, 806L, 696L, 
703L, 710L, 715L, 725L, 750L, 756L, 756L, 766L, 810L, 816L, 830L, 
850L, 864L, 864L, 874L, 878L, 881L, 890L, 896L, 896L, 903L, 903L, 
914L, 914L, 997L, 1050L, 1069L, 1072L, 957L, 964L, 971L, 981L, 
981L, 1008L, 1008L, 1015L, 1020L, 1025L, 1038L, 1043L, 1059L, 
1144L, 1113L, 1123L, 1131L, 1135L, 1135L, 1139L, 1139L, 1149L, 
1159L, 1173L, 1185L, 1209L, 1209L, 1324L, 1336L, 1218L, 1221L, 
1221L, 1225L, 1267L, 1290L, 1298L, 1310L, 1315L, 1462L, 1470L, 
1356L, 1387L, 1387L, 1423L, 1423L, 1432L, 1432L, 1432L, 1436L, 
1436L, 1436L, 1442L, 1495L, 1554L, 1605L, 1616L, 1626L, 1639L, 
1639L, 1498L, 1504L, 1519L, 1525L, 1530L, 1535L, 1535L, 1546L, 
1546L, 1559L, 1564L, 1568L, 1585L, 1601L, 156L, 249L, 278L, 278L, 
166L, 178L, 188L, 193L, 210L, 227L, 235L, 239L, 290L, 290L, 381L, 
381L, 391L, 391L, 407L, 309L, 321L, 328L, 333L, 333L, 341L, 354L, 
361L, 365L, 365L, 414L, 548L, 418L, 430L, 436L, 436L, 456L, 478L, 
478L, 481L, 509L, 512L, 512L, 528L, 133L, 143L, 143L, 149L, 22L, 
22L, 27L, 42L, 65L, 70L, 70L, 70L, 78L, 99L, 101L, 567L, 567L, 
666L, 668L, 668L, 668L, 671L, 681L, 685L, 689L, 602L, 637L, 648L, 
655L, 655L, 660L, 660L, 660L, 794L, 794L, 697L, 697L, 726L, 736L, 
744L, 760L, 776L, 932L, 932L, 820L, 825L, 825L, 835L, 835L, 851L, 
851L, 865L, 870L, 875L, 882L, 882L, 882L, 891L, 891L, 904L, 909L, 
909L, 952L, 952L, 998L, 1051L, 1082L, 960L, 982L, 1016L, 1060L, 
1180L, 1193L, 1200L, 1204L, 1093L, 1093L, 1100L, 1124L, 1132L, 
1132L, 1152L, 1160L, 1167L, 1210L, 1210L, 1307L, 1222L, 1235L, 
1235L, 1238L, 1238L, 1258L, 1274L, 1283L, 1283L, 1291L, 1294L, 
1299L, 1305L, 1305L, 1316L, 1348L, 1390L, 1463L, 1463L, 1471L, 
1471L, 1476L, 1476L, 1481L, 1490L, 1357L, 1362L, 1364L, 1397L, 
1402L, 1414L, 1418L, 1433L, 1451L, 1606L, 1627L, 1633L, 1499L, 
1499L, 1514L, 1520L, 1539L, 1539L, 1547L, 1560L, 1569L, 1596L, 
1610L, 157L, 250L, 264L, 271L, 182L, 221L, 221L, 236L, 236L, 
261L, 291L, 396L, 401L, 408L, 412L, 302L, 302L, 302L, 310L, 322L, 
348L, 351L, 355L, 356L, 356L, 362L, 366L, 366L, 371L, 415L, 467L, 
467L, 549L, 562L, 419L, 419L, 472L, 472L, 472L, 487L, 492L, 497L, 
497L, 497L, 505L, 529L, 106L, 106L, 138L, 150L, 8L, 33L, 47L, 
50L, 75L, 79L, 86L, 111L, 667L, 686L, 690L, 575L, 581L, 591L, 
591L, 608L, 611L, 627L, 631L, 646L, 723L, 741L, 741L, 745L, 751L, 
757L, 771L, 811L, 933L, 937L, 817L, 821L, 826L, 841L, 846L, 852L, 
852L, 866L, 871L, 871L, 883L, 1064L, 956L, 965L, 972L, 986L, 
990L, 1021L, 1034L, 1044L, 1194L, 1201L, 1094L, 1094L, 1133L, 
1140L, 1153L, 1157L, 1161L, 1174L, 1211L, 1308L, 1308L, 1321L, 
1321L, 1337L, 1339L, 1226L, 1239L, 1248L, 1253L, 1259L, 1268L, 
1268L, 1287L, 1287L, 1391L, 1472L, 1491L, 1372L, 1372L, 1376L, 
1407L, 1407L, 1407L, 1415L, 1424L, 1424L, 1424L, 1437L, 1452L, 
1457L, 1457L, 1457L, 1496L, 1496L, 1607L, 1607L, 1617L, 1623L, 
1634L, 1640L, 1515L, 1531L, 1531L, 1536L, 1540L, 1540L, 1548L, 
1565L, 1581L, 1581L, 1589L, 1602L, 158L, 200L, 251L, 251L, 268L, 
272L, 279L, 167L, 205L, 211L, 211L, 222L, 237L, 292L, 311L, 323L, 
329L, 357L, 367L, 368L, 375L, 385L, 550L, 442L, 451L, 462L, 473L, 
488L, 493L, 498L, 498L, 506L, 506L, 506L, 522L, 2L, 2L, 56L, 
124L, 139L, 144L, 151L, 9L, 28L, 34L, 118L, 675L, 682L, 682L, 
603L, 649L, 661L, 663L, 791L, 791L, 791L, 795L, 795L, 801L, 807L, 
704L, 713L, 719L, 719L, 727L, 761L, 767L, 772L, 772L, 918L, 941L, 
836L, 856L, 856L, 876L, 892L, 897L, 897L, 897L, 905L, 905L, 922L, 
999L, 961L, 961L, 966L, 973L, 993L, 1006L, 1006L, 1045L, 1088L, 
1088L, 1187L, 1202L, 1205L, 1205L, 1205L, 1101L, 1114L, 1136L, 
1141L, 1141L, 1154L, 1162L, 1162L, 1212L, 1325L, 1345L, 1227L, 
1227L, 1227L, 1240L, 1249L, 1269L, 1280L, 1295L, 1349L, 1349L, 
1349L, 1392L, 1464L, 1473L, 1482L, 1492L, 1351L, 1358L, 1373L, 
1377L, 1398L, 1398L, 1398L, 1403L, 1403L, 1428L, 1438L, 1438L, 
1443L, 1458L, 1458L, 1555L, 1618L, 1624L, 1641L, 1641L, 1500L, 
1505L, 1505L, 1521L, 1526L, 1541L, 1574L, 1586L, 1586L, 1597L, 
1611L, 159L, 252L, 265L, 265L, 273L, 284L, 289L, 163L, 163L, 
223L, 240L, 244L, 293L, 345L, 388L, 392L, 402L, 402L, 402L, 296L, 
312L, 317L, 324L, 334L, 334L, 358L, 358L, 468L, 518L, 518L, 556L, 
556L, 420L, 423L, 426L, 431L, 452L, 463L, 482L, 510L, 513L, 530L, 
3L, 107L, 125L, 129L, 129L, 129L, 134L, 140L, 140L, 140L, 145L, 
145L, 10L, 14L, 14L, 14L, 14L, 18L, 18L, 23L, 23L, 29L, 38L, 
43L, 60L, 71L, 80L, 87L, 100L, 100L, 112L, 119L, 687L, 572L, 
576L, 576L, 576L, 582L, 592L, 597L, 604L, 609L, 609L, 618L, 618L, 
628L, 628L, 632L, 632L, 644L, 650L, 656L, 779L, 785L, 788L, 700L, 
705L, 720L, 728L, 737L, 746L, 752L, 768L, 773L, 773L, 822L, 827L, 
837L, 857L, 872L, 884L, 898L, 906L, 910L, 910L, 915L, 923L, 923L, 
1000L, 1000L, 1065L, 1070L, 1073L, 1078L, 1085L, 974L, 976L, 
1030L, 1035L, 1039L, 1039L, 1046L, 1061L, 1061L, 1089L, 1145L, 
1195L, 1095L, 1102L, 1107L, 1109L, 1119L, 1125L, 1137L, 1142L, 
1155L, 1155L, 1168L, 1168L, 1171L, 1171L, 1175L, 1264L, 1264L, 
1330L, 1330L, 1338L, 1338L, 1340L, 1230L, 1241L, 1241L, 1245L, 
1276L, 1300L, 1393L, 1447L, 1465L, 1477L, 1477L, 1477L, 1483L, 
1367L, 1374L, 1388L, 1388L, 1399L, 1404L, 1416L, 1419L, 1419L, 
1425L, 1439L, 1453L, 1459L, 1556L, 1619L, 1630L, 1635L, 1506L, 
1511L, 1516L, 1527L, 1549L, 1549L, 1575L, 1576L, 1582L, 1582L, 
1603L, 201L, 253L, 274L, 164L, 168L, 172L, 172L, 172L, 175L, 
183L, 189L, 189L, 194L, 194L, 196L, 206L, 212L, 228L, 230L, 245L, 
258L, 393L, 393L, 397L, 397L, 297L, 313L, 330L, 335L, 337L, 342L, 
372L, 376L, 519L, 534L, 542L, 551L, 557L, 421L, 424L, 424L, 424L, 
424L, 446L, 457L, 474L, 514L, 57L, 108L, 126L, 130L, 141L, 152L, 
15L, 19L, 24L, 24L, 30L, 30L, 39L, 39L, 51L, 66L, 81L, 97L, 97L, 
113L, 120L, 568L, 669L, 669L, 672L, 672L, 683L, 577L, 583L, 583L, 
588L, 593L, 598L, 605L, 605L, 612L, 619L, 633L, 662L, 662L, 662L, 
695L, 780L, 780L, 786L, 786L, 789L, 796L, 802L, 802L, 808L, 698L, 
716L, 729L, 729L, 729L, 747L, 753L, 782L, 812L, 861L, 861L, 861L, 
919L, 919L, 942L, 942L, 945L, 945L, 818L, 818L, 818L, 823L, 823L, 
843L, 847L, 853L, 858L, 877L, 885L, 899L, 907L, 911L, 924L, 953L, 
1001L, 1052L, 1052L, 1071L, 1074L, 1079L, 962L, 962L, 967L, 977L, 
983L, 1009L, 1009L, 1011L, 1022L, 1040L, 1055L, 1090L, 1196L, 
1208L, 1096L, 1115L, 1147L, 1156L, 1156L, 1166L, 1166L, 1176L, 
1186L, 1186L, 1186L, 1186L, 1213L, 1213L, 1265L, 1322L, 1326L, 
1331L, 1341L, 1223L, 1231L, 1242L, 1250L, 1254L, 1270L, 1277L, 
1277L, 1277L, 1311L, 1317L, 1350L, 1350L, 1448L, 1448L, 1466L, 
1466L, 1466L, 1474L, 1484L, 1365L, 1369L, 1375L, 1375L, 1378L, 
1382L, 1382L, 1408L, 1440L, 1454L, 1557L, 1608L, 1631L, 1631L, 
1636L, 1642L, 1642L, 1501L, 1512L, 1517L, 1517L, 1532L, 1537L, 
