"hsi" <-
structure(list(), Data = structure(c(12086.5, 12201.1, 12167.9, 
11384.2, 11001.5, 11366.9, 11155.8, 10712.7, 10176.5, 10774.3, 
10792.9, 11017.7, 11363.8, 11264.8, 11459.4, 11600.1, 11490.9, 
11239.6, 11470.4, 11377.8, 11487, 11826.9, 11785.8, 11851.1, 
12157.6, 11414.3, 11454.1, 11504, 10988.8, 11012.3, 10634.1, 
10786.6, 10825.9, 10456.5, 10674, 10763.2, 10432, 10100.3, 10410.2, 
10148.4, 9877.4, 9802, 9918.2, 10061.6, 10294.6, 10224.4, 10129.1, 
9905.7, 9980.1, 9863.6, 9720.6, 9513.1, 9132.3, 8667, 9012.2, 
9465.5, 9320.8, 9234.2, 9197, 9480.1, 9232.2, 9029.9, 9234.3, 
9285.9, 9298.2, 9476.8, 9738.1, 9753.8, 9600.6, 9536.1, 9506.8, 
9303.9, 9221, 8934.6, 9156.9, 9136.1, 9328.6, 9113.3, 9163.1, 
8966.1, 8799.7, 8679.1, 8369.4, 8412.9, 8620.3, 8421.7, 8540.1, 
8906.2, 8878.9, 9134.7, 9253.4, 9044.7, 9476.6, 9355, 9631.6, 
9589.8, 9490.1, 9521.4, 9481.7, 9470.1, 9523.6, 9553.6, 9512.1, 
9222.3, 9234.3, 9383, 9247.9, 9291.2, 9190.6, 9111.2, 9149.5, 
9022.9, 9114, 8998.2, 8857.8, 8876.8, 8966.8, 8881, 8647.5, 8673.5, 
8640.3, 8758.4, 8634.4, 8628.3, 8623.2, 8454.9, 8490.9, 8433, 
8394.9, 8591.5, 8828.9, 8808.3, 9117, 9193.8, 9145, 9188.8, 9117.7, 
9153, 9174.6, 9194.4, 9402.2, 9402.7, 9482.8, 9683.7, 9695, 9585.9, 
9642.9, 9602.2, 9537.9, 9446.4, 9618.1, 9524.5, 9464.6, 9486.1, 
9366.6, 9538, 9518.9, 9404.4, 9457.3, 9234.1, 9238.7, 9336.1, 
9399.1, 9686.6, 9929.4, 9890.9, 9901.6, 9962, 10036, 10165.9, 
10151, 10145, 9890.4, 9937, 9846.4, 9862.6, 9968.5, 9801.4, 9824.8, 
9668.1, 9632.5, 9643.6, 9610.2, 9693.5, 9700.2, 9521.2, 9492.5, 
9504.1, 9298.4, 9276.3, 9284.9, 9248.4, 9362.3, 9532.4, 9550.9, 
9455.9, 9418.6, 9320.1, 9388.8, 9338.6, 9364.3, 9246.5, 9252.4, 
9304.6, 9379.5, 9646.3, 9573.4, 9451.8, 9492, 9530.4, 9434.3, 
9416.1, 9405.5, 9390.8, 9367.9, 9378.9, 9565.7, 9592.2, 9518.3, 
9427.4, 9303.2, 8948.4, 8576, 8647.9, 8658.8, 8662.4, 8658.3, 
8466.3, 8430.8, 8221.6, 8302.5, 8332.7, 8268.5, 8068.3, 7789.1, 
7707.8, 7849.8, 7997.4, 8259.6, 8166.4, 8178.3, 8267.3, 8331.6, 
8412.7, 8311.9, 8268.2, 8196, 8191, 7844.1, 7887, 7918.4, 7683.3, 
7528.9, 7541.7, 7392.8, 7418.1, 7252.3, 7504.2, 7606.5, 7630.2, 
7422, 7278.1, 6967.9, 7022.9, 7240.7, 7310.5, 7297.1, 7342.7, 
7478.9, 7897.8, 8004, 7934.8, 8054.9, 8012.8, 7974.8, 7862.7, 
8103.1, 8133.3, 8043, 7906.7, 8082.3, 7909.3, 7976.4, 8219, 8126.7, 
8327.5, 8297, 8253.3, 8185.2, 8093.9, 8138.7, 7930, 8076.8, 7949.4, 
8111.3, 8094.6, 8365.2, 8347.8, 8534.7, 8594.4, 8580.3, 8509.1, 
8467.7, 8484.7, 8687.5, 8827.9, 8732.8, 8676.2, 8587.7, 8400.4, 
8491.9, 8418.2, 8470.3, 8469.8, 8514.6, 8509.7, 8662, 8645, 8581.9, 
8631.4, 8645.4, 8625.6, 8505.6, 8285.7, 8312.3, 8361, 8226, 8212.1, 
8299.7, 8319.8, 8332.2, 8488.4, 8574.1, 8796.9, 9025.7, 9217.8, 
9189.8, 9162.3, 9170.2, 9115.7, 9013.3, 9058.7, 9302.9, 9258.2, 
9390.6, 9329.2, 9316.2, 9245.3, 9407.4, 9559.7, 9570.4, 9497.8, 
9382.6, 9292.8, 9267.6, 9121.5, 9103.2, 9364.8, 9262, 9314, 9278.7, 
9243.7, 9159, 9224.4, 9201.3, 9199.5, 9151.4, 9200.1, 9206.5, 
9138.2, 9182.5, 9407.3, 9376.9, 9632.3, 9727.5, 9670, 9639.6, 
9742.4, 9728, 9634, 9617, 9418.9, 9423.2, 9410.2, 9288, 9359.1, 
9355, 9361.3, 9451.7, 9453.4, 9385.3, 9410.1, 9379.7, 9362.8, 
9318.4, 9303.8, 9301.7, 9142.6, 9006.9, 8924.3, 8931.3, 8985.1, 
8896.7, 8895.8, 8900.5, 8947.2, 9132.6, 9058.3, 9080.4, 9152.9, 
9197.2, 9179.9, 9196.5, 9253, 9222.9, 9194.7, 9279, 9393.2, 9439, 
9434.8, 9581.4, 9680.1, 9797.4, 9770.1, 9646.1, 9631, 9536.3, 
9541.9, 9497.9, 9583.3, 9650.6, 9600.6, 9646.3, 9725, 9805.5, 
9940, 9888, 9873.9, 9863.4, 9730.9, 9635.1, 9685.1, 9883.8, 10009.3, 
10032.9, 9973.7, 9981.6, 9895.2, 9880.5, 9775.7, 9841.1, 9774.5, 
9680.8, 9672.4, 9782.4, 9749.4, 9855.8, 9736.1, 9732.4, 9562.5, 
9497.8, 9411.9, 9385.2, 9407.4, 9431.4, 9367.7, 9287.9, 9373.9, 
9452.1, 9501.6, 9505.7, 9488.8, 9523.9, 9623.8, 9617.3, 9813.3, 
9862.6, 9940.6, 9975.4, 9898.9, 9864, 9863.6, 9835.2, 9927.8, 
9920.9, 9912.8, 9858.7, 9806.6, 9705.9, 9877.9, 9907.6, 9932.2, 
9985.2, 9998.2, 10073.4, 10204.9, 10397.4, 10573.9, 10529.9, 
10466.7, 10427.2, 10304.6, 10429.8, 10540, 10634.5, 10671.2, 
10593.8, 10536.5, 10764.1, 10955.3, 10957.2, 10960.2, 11103.1, 
11111.9, 11059, 11201.5, 11359.7, 11362.8, 11469.4, 11484.1, 
11391.4, 11388.6, 11331.8, 11310.3, 11256.6, 11200.2, 11364.5, 
11471.8, 11595, 11338.5, 11390.4, 11210.4, 11197, 11264.7, 11125.7, 
11194.9, 11254.1, 11454.1, 11378.7, 11194.5, 11217.8, 10397.5, 
10602.5, 10249.5, 10451.8, 10557.6, 10601.3, 10880.5, 10836.5, 
11028, 11026.7, 11111.8, 10984.5, 11066.6, 11030.6, 10957.2, 
10926.8, 11144.6, 11139.9, 11107.4, 11077.6, 10892.6, 10849.8, 
10949.6, 11033, 10962.7, 10909.3, 10818.5, 10910, 10889.1, 10898.7, 
10753.4, 10732.8, 10835.8, 10964.5, 10907, 10929.9, 10734.2, 
10697.5, 10702.2, 10617.3, 10573, 10597.7, 10746, 10817.9, 10863.8, 
10833.4, 10816.9, 10987.6, 11088.8, 11082.8, 11030.8, 11019.2, 
11081.7, 11107, 11200.6, 11157.1, 11264.7, 11059.8, 11086.9, 
11092.5, 11225.8, 11196.6, 11143.2, 10993.6, 10958.7, 10866, 
10865, 10952.8, 10904.5, 10855.3, 10959.7, 10982.8, 11059.9, 
11002.5, 11020.9, 11002.6, 11084.4, 11063.3, 11181.8, 11177.1, 
10890.1, 10929.6, 10911.8, 10921.4, 10802.7, 10800.1, 10628, 
10609.1, 10711.2, 10845.3, 10798.3, 10865.3, 10699.9, 10707, 
10705.6, 10651.8, 10585.9, 10681.4, 10789.9, 10962, 11071.4, 
11134.6, 11127.5, 11164.4, 11104, 11181.9, 11165.7, 11166.8, 
11158.4, 11176, 11213.5, 11312.5, 11436.5, 11478.8, 11424.6, 
11338.9, 11379.5, 11328.2, 11159, 11106.6, 10957.2, 11077, 11040.5, 
11025.6, 11212.6, 11223.6, 11236.4, 11251.7, 11369, 11567.9, 
11621.6, 11594, 11586.7, 11592.4, 11622.1, 11546.7, 11603.5, 
11636.1, 11759.4, 11902.4, 11921.2, 11951.9, 12014.6, 11905.5, 
12133.1, 12106.8, 12250.6, 12242.5, 12218.4, 12330.4, 12490.7, 
12396.2, 12436.8, 12510.1, 12444.7, 12492.4, 12473.6, 12388.4, 
12262.8, 12192.2, 12405.5, 12477.6, 12529.3, 12559.4, 12502.7, 
12775.5, 12735.3, 12751.2, 12771.9, 12806.3, 12943.7, 13004.8, 
12889.4, 13042.8, 13056.9, 13167.2, 13099.6, 13116.8, 13239.4, 
13485.3, 13531, 13310.8, 13393.9, 13517.6, 13456.3, 13434.2, 
13491.6, 13102.7, 13144.2, 13342.5, 13189.6, 13053.3, 12784.1, 
12937.5, 12815.4, 12766, 12846.6, 13131.4, 13331.5, 13341.6, 
13404.1, 13480.8, 13451.5, 13203.4, 13222.8, 13443.9, 13420.2, 
13454.9, 13198.1, 13191.5, 13289.2, 13293.9, 13766.7, 13830.7, 
13856.4, 13868.2, 13732.8, 13692.8, 13610.3, 13379.6, 13294.9, 
13403.3, 13285.4, 13288.4, 13321.8, 13451.1, 13548.4, 13660.5, 
13643.5, 13454.2, 13462.6, 13240, 13113.3, 13144.6, 13102.9, 
13106.3, 13411.3, 13444.9, 13375.7, 13520.3, 13541.8, 13546.6, 
13398.7, 13507.3, 13450.1, 13410.8, 13416.4, 13337.4, 13268.8, 
13252.2, 13119.1, 12917.1, 12736.5, 12838.5, 12748.9, 12651.4, 
12472.3, 12489.3, 12749.1, 12832.5, 12776.4, 12534.3, 12074.2, 
12136.3, 12055.2, 12204.6, 12287.8, 12398.6, 12426.7, 12358.7, 
12516.6, 12296, 12342, 12581.3, 12516.2, 12541.1, 12626, 12580.9, 
12707, 12726.8, 12645.8, 12610.2, 12600.4, 12903.3, 13020.8, 
13081.7, 13399.3, 13579.3, 13605.9, 13740.3, 13930.8, 13987.8, 
13906.5, 14153.6, 14041.9, 14062.4, 14108.8, 14236.2, 14235.5, 
14212, 14331.7, 14574.6, 14540.2, 14556.5, 14416.6, 14757.8, 
14991, 14760.2, 14831.6, 14795.5, 14655.1, 14439.7, 14421.5, 
13924.3, 14112.6, 14394.6, 14307.2, 14203.9, 14506.5, 15154.4, 
15021.2, 14891, 15065, 15127, 15196.8, 15055.7, 14823, 14858.6, 
14792.2, 14703.7, 14839.2, 15225.3, 15370.9, 15487.2, 15446, 
15706.3, 15570.4, 15536.3, 15446.8, 15738.8, 15709.2, 15658.1, 
15666.6, 15772.1, 15983.2, 16365.7, 16379.2, 16259.6, 16371.5, 
16541.6, 16673.3, 16647.5, 16460.5, 16383.4, 16482.9, 16497.7, 
16096.9, 15477.3, 15855.7, 15654, 15429.8, 15598.9, 15547.2, 
15534, 14876.1, 14135.2, 13425.7, 13735.3, 14714, 14199.2, 14563.6, 
14806.5, 14996.7, 14805.4, 14308.3, 14470.5, 14630.7, 14411.2, 
14419.5, 14384.1, 14108.1, 14094.4, 14205.4, 14636.6, 14710.9, 
