`hsi.df` <-
structure(list(DATE = structure(c(158L, 179L, 186L, 194L, 202L, 
1L, 9L, 16L, 24L, 32L, 56L, 64L, 71L, 86L, 94L, 116L, 123L, 129L, 
136L, 144L, 173L, 845L, 921L, 999L, 1006L, 1028L, 1034L, 1041L, 
879L, 886L, 893L, 900L, 907L, 935L, 942L, 949L, 957L, 965L, 989L, 
1049L, 1136L, 1218L, 1238L, 1262L, 1270L, 1278L, 1057L, 1065L, 
1089L, 1097L, 1105L, 1112L, 1120L, 1151L, 1159L, 1167L, 1174L, 
1182L, 1205L, 1212L, 1226L, 1232L, 1449L, 1453L, 1460L, 1297L, 
1305L, 1312L, 1316L, 1322L, 1342L, 1349L, 1362L, 1368L, 1373L, 
1394L, 1402L, 1409L, 1415L, 1422L, 1546L, 1625L, 1647L, 1653L, 
1660L, 1681L, 1477L, 1484L, 1489L, 1496L, 1518L, 1526L, 1533L, 
1539L, 1554L, 1575L, 1583L, 1590L, 1596L, 1603L, 1632L, 1640L, 
1689L, 1762L, 1837L, 1864L, 1871L, 1878L, 1884L, 1695L, 1730L, 
1736L, 1743L, 1768L, 1775L, 1782L, 1788L, 1795L, 1816L, 1824L, 
1831L, 1844L, 1890L, 2062L, 2070L, 2077L, 2082L, 2089L, 1900L, 
1908L, 1915L, 1921L, 1928L, 1950L, 1958L, 1970L, 1976L, 1983L, 
2005L, 2012L, 2019L, 2025L, 2032L, 2103L, 2180L, 2257L, 2276L, 
2283L, 2305L, 2313L, 2111L, 2117L, 2124L, 2146L, 2154L, 2161L, 
2167L, 2173L, 2202L, 2210L, 2217L, 2223L, 2230L, 2263L, 2270L, 
2320L, 2396L, 2494L, 2502L, 2509L, 2515L, 2522L, 2342L, 2349L, 
2355L, 2361L, 2368L, 2388L, 2403L, 2415L, 2422L, 2444L, 2452L, 
2459L, 2465L, 2479L, 367L, 391L, 398L, 404L, 409L, 227L, 234L, 
241L, 253L, 274L, 282L, 288L, 298L, 305L, 326L, 334L, 341L, 347L, 
354L, 383L, 431L, 508L, 587L, 600L, 622L, 630L, 637L, 437L, 444L, 
466L, 474L, 481L, 487L, 494L, 522L, 530L, 537L, 543L, 550L, 572L, 
580L, 594L, 643L, 723L, 810L, 818L, 825L, 831L, 838L, 665L, 673L, 
680L, 686L, 693L, 715L, 730L, 737L, 743L, 750L, 769L, 775L, 789L, 
159L, 180L, 187L, 195L, 218L, 2L, 10L, 17L, 25L, 48L, 57L, 65L, 
72L, 87L, 109L, 117L, 124L, 130L, 137L, 166L, 1000L, 1021L, 1029L, 
1035L, 1042L, 851L, 872L, 880L, 887L, 894L, 901L, 928L, 936L, 
943L, 950L, 958L, 981L, 990L, 1050L, 1137L, 1219L, 1254L, 1263L, 
1271L, 1279L, 1058L, 1081L, 1090L, 1098L, 1106L, 1113L, 1143L, 
1152L, 1160L, 1168L, 1175L, 1197L, 1206L, 1213L, 1227L, 1233L, 
1429L, 1443L, 1450L, 1454L, 1290L, 1298L, 1306L, 1313L, 1343L, 
1350L, 1363L, 1369L, 1387L, 1395L, 1403L, 1410L, 1416L, 1473L, 
1547L, 1626L, 1648L, 1654L, 1674L, 1682L, 1478L, 1485L, 1490L, 
1510L, 1519L, 1527L, 1534L, 1540L, 1567L, 1576L, 1584L, 1591L, 
1597L, 1617L, 1633L, 1641L, 1690L, 1856L, 1865L, 1872L, 1879L, 
1885L, 1709L, 1717L, 1724L, 1731L, 1737L, 1769L, 1776L, 1783L, 
1789L, 1808L, 1817L, 1825L, 1832L, 1845L, 2039L, 2063L, 2071L, 
2078L, 2083L, 1892L, 1901L, 1909L, 1916L, 1922L, 1942L, 1951L, 
1959L, 1971L, 1977L, 1997L, 2006L, 2013L, 2020L, 2026L, 2054L, 
2104L, 2181L, 2258L, 2277L, 2297L, 2306L, 2314L, 2112L, 2118L, 
2138L, 2147L, 2155L, 2162L, 2168L, 2194L, 2203L, 2211L, 2218L, 
2224L, 2250L, 2264L, 2271L, 2321L, 2486L, 2495L, 2503L, 2510L, 
2516L, 2334L, 2343L, 2350L, 2356L, 2362L, 2380L, 2389L, 2404L, 
2410L, 2416L, 2436L, 2445L, 2453L, 2460L, 2466L, 294L, 368L, 
392L, 399L, 405L, 423L, 228L, 235L, 242L, 247L, 266L, 275L, 283L, 
289L, 299L, 318L, 327L, 335L, 342L, 348L, 375L, 384L, 509L, 588L, 
614L, 623L, 631L, 638L, 438L, 458L, 467L, 475L, 482L, 488L, 514L, 
523L, 531L, 538L, 544L, 564L, 573L, 581L, 595L, 644L, 802L, 811L, 
819L, 826L, 832L, 657L, 666L, 674L, 681L, 687L, 707L, 716L, 731L, 
738L, 744L, 764L, 770L, 776L, 79L, 160L, 181L, 188L, 210L, 219L, 
3L, 11L, 18L, 40L, 49L, 58L, 66L, 73L, 102L, 110L, 118L, 125L, 
131L, 151L, 167L, 174L, 846L, 922L, 1013L, 1022L, 1030L, 1036L, 
1043L, 865L, 873L, 881L, 888L, 895L, 944L, 951L, 973L, 982L, 
991L, 997L, 1051L, 1239L, 1246L, 1255L, 1264L, 1272L, 1066L, 
1073L, 1082L, 1091L, 1099L, 1121L, 1128L, 1144L, 1153L, 1161L, 
1183L, 1190L, 1198L, 1207L, 1214L, 1285L, 1356L, 1430L, 1466L, 
1291L, 1299L, 1307L, 1323L, 1329L, 1335L, 1344L, 1351L, 1374L, 
1380L, 1388L, 1396L, 1404L, 1423L, 1437L, 1474L, 1548L, 1627L, 
1661L, 1667L, 1675L, 1683L, 1479L, 1497L, 1503L, 1511L, 1520L, 
1528L, 1555L, 1560L, 1568L, 1577L, 1585L, 1604L, 1610L, 1618L, 
1634L, 1642L, 1838L, 1850L, 1857L, 1866L, 1873L, 1696L, 1702L, 
1710L, 1718L, 1725L, 1749L, 1755L, 1777L, 1796L, 1802L, 1809L, 
1818L, 1826L, 1891L, 1965L, 2040L, 2064L, 2072L, 2090L, 2096L, 
1893L, 1902L, 1910L, 1929L, 1935L, 1943L, 1952L, 1960L, 1984L, 
1990L, 1998L, 2007L, 2014L, 2033L, 2047L, 2055L, 2105L, 2182L, 
2284L, 2290L, 2298L, 2307L, 2315L, 2125L, 2131L, 2139L, 2148L, 
2156L, 2174L, 2187L, 2195L, 2204L, 2212L, 2236L, 2243L, 2251L, 
2265L, 2397L, 2472L, 2487L, 2496L, 2504L, 2523L, 2327L, 2335L, 
2344L, 2351L, 2369L, 2374L, 2381L, 2390L, 2405L, 2423L, 2429L, 
2437L, 2446L, 2454L, 2480L, 226L, 295L, 369L, 393L, 410L, 416L, 
424L, 229L, 236L, 254L, 259L, 267L, 276L, 284L, 311L, 319L, 328L, 
336L, 355L, 360L, 376L, 385L, 432L, 601L, 607L, 615L, 624L, 632L, 
445L, 451L, 459L, 468L, 476L, 495L, 501L, 515L, 524L, 532L, 551L, 
557L, 565L, 574L, 582L, 724L, 782L, 803L, 812L, 820L, 839L, 650L, 
658L, 667L, 675L, 694L, 700L, 708L, 717L, 732L, 751L, 757L, 765L, 
790L, 796L, 80L, 161L, 196L, 203L, 211L, 220L, 4L, 26L, 33L, 
41L, 50L, 59L, 88L, 95L, 103L, 111L, 119L, 138L, 145L, 152L, 
168L, 175L, 1001L, 1007L, 1014L, 852L, 858L, 866L, 874L, 882L, 
902L, 908L, 914L, 929L, 937L, 959L, 966L, 974L, 983L, 992L, 1220L, 
1240L, 1247L, 1256L, 1265L, 1059L, 1067L, 1074L, 1083L, 1092L, 
1114L, 1122L, 1129L, 1145L, 1154L, 1176L, 1184L, 1191L, 1199L, 
1286L, 1357L, 1431L, 1444L, 1455L, 1461L, 1467L, 1292L, 1300L, 
1317L, 1324L, 1330L, 1336L, 1345L, 1370L, 1375L, 1381L, 1389L, 
1397L, 1417L, 1424L, 1438L, 1475L, 1549L, 1655L, 1662L, 1668L, 
1676L, 1684L, 1491L, 1498L, 1504L, 1512L, 1521L, 1541L, 1556L, 
1561L, 1569L, 1578L, 1598L, 1605L, 1611L, 1619L, 1635L, 1763L, 
1839L, 1851L, 1858L, 1867L, 1697L, 1703L, 1711L, 1719L, 1738L, 
1744L, 1750L, 1756L, 1770L, 1790L, 1797L, 1803L, 1810L, 1819L, 
2041L, 2065L, 2084L, 2091L, 2097L, 1894L, 1903L, 1923L, 1930L, 
1936L, 1944L, 1953L, 1978L, 1985L, 1991L, 1999L, 2008L, 2027L, 
2034L, 2048L, 2056L, 2106L, 2278L, 2285L, 2291L, 2299L, 2308L, 
2119L, 2126L, 2132L, 2140L, 2149L, 2175L, 2188L, 2196L, 2205L, 
2225L, 2231L, 2237L, 2244L, 2252L, 2322L, 2398L, 2473L, 2488L, 
2497L, 2517L, 2524L, 2328L, 2336L, 2345L, 2363L, 2370L, 2382L, 
2391L, 2417L, 2424L, 2430L, 2438L, 2447L, 2467L, 2481L, 370L, 
406L, 411L, 417L, 425L, 248L, 255L, 260L, 268L, 277L, 300L, 306L, 
312L, 320L, 329L, 349L, 356L, 361L, 377L, 386L, 589L, 602L, 608L, 
616L, 625L, 439L, 446L, 452L, 460L, 469L, 489L, 496L, 502L, 516L, 
525L, 545L, 552L, 558L, 566L, 575L, 645L, 725L, 783L, 804L, 813L, 
833L, 840L, 651L, 659L, 668L, 688L, 695L, 701L, 709L, 718L, 745L, 
752L, 758L, 777L, 791L, 797L, 81L, 189L, 197L, 204L, 212L, 221L, 
19L, 27L, 34L, 42L, 51L, 74L, 89L, 96L, 104L, 112L, 132L, 139L, 
923L, 1002L, 1008L, 1015L, 1023L, 1044L, 853L, 859L, 867L, 875L, 
896L, 903L, 909L, 915L, 930L, 952L, 960L, 967L, 975L, 984L, 1138L, 
1221L, 1241L, 1248L, 1257L, 1280L, 1060L, 1068L, 1075L, 1084L, 
1107L, 1115L, 1123L, 1130L, 1146L, 1169L, 1177L, 1185L, 1192L, 
1200L, 1228L, 1234L, 1287L, 1358L, 1432L, 1456L, 1462L, 1468L, 
1318L, 1325L, 1331L, 1337L, 1364L, 1371L, 1376L, 1382L, 1390L, 
1411L, 1418L, 1425L, 1439L, 1476L, 1649L, 1656L, 1663L, 1669L, 
1677L, 1486L, 1492L, 1499L, 1505L, 1513L, 1535L, 1542L, 1557L, 
1562L, 1570L, 1592L, 1599L, 1606L, 1612L, 1620L, 1691L, 1764L, 
1840L, 1852L, 1859L, 1880L, 1886L, 1698L, 1704L, 1712L, 1732L, 
1739L, 1745L, 1751L, 1757L, 1784L, 1791L, 1798L, 1804L, 1811L, 
1833L, 1846L, 1966L, 2042L, 2079L, 2085L, 2092L, 2098L, 1895L, 
1917L, 1924L, 1931L, 1937L, 1945L, 1972L, 1979L, 1986L, 1992L, 
2000L, 2021L, 2028L, 2035L, 2049L, 2057L, 2259L, 2279L, 2286L, 
2292L, 2300L, 2113L, 2120L, 2127L, 2133L, 2141L, 2163L, 2169L, 
2176L, 2189L, 2197L, 2219L, 2226L, 2232L, 2238L, 2245L, 2272L, 
2323L, 2399L, 2474L, 2489L, 2511L, 2518L, 2525L, 2329L, 2337L, 
