`nasdaq.df` <-
structure(list(DATE = structure(c(158L, 182L, 189L, 197L, 205L, 
1L, 9L, 16L, 24L, 32L, 55L, 62L, 68L, 81L, 88L, 111L, 119L, 126L, 
134L, 142L, 174L, 866L, 944L, 1022L, 1030L, 1054L, 1062L, 1069L, 
873L, 881L, 905L, 913L, 919L, 925L, 931L, 965L, 972L, 980L, 988L, 
1012L, 1077L, 1164L, 1246L, 1267L, 1291L, 1299L, 1307L, 1085L, 
1093L, 1117L, 1125L, 1133L, 1140L, 1148L, 1179L, 1187L, 1195L, 
1202L, 1210L, 1233L, 1240L, 1254L, 1260L, 1478L, 1486L, 1492L, 
1498L, 1505L, 1327L, 1335L, 1342L, 1347L, 1353L, 1375L, 1382L, 
1395L, 1401L, 1407L, 1429L, 1437L, 1449L, 1456L, 1597L, 1669L, 
1689L, 1695L, 1702L, 1724L, 1527L, 1534L, 1540L, 1547L, 1569L, 
1577L, 1584L, 1590L, 1605L, 1627L, 1635L, 1642L, 1647L, 1652L, 
1683L, 1732L, 1810L, 1888L, 1917L, 1925L, 1932L, 1938L, 1738L, 
1760L, 1768L, 1775L, 1781L, 1788L, 1817L, 1825L, 1832L, 1838L, 
1845L, 1867L, 1875L, 1882L, 1895L, 1945L, 2124L, 2130L, 2136L, 
2143L, 1960L, 1968L, 1975L, 1981L, 1988L, 2010L, 2018L, 2032L, 
2038L, 2045L, 2067L, 2075L, 2082L, 2088L, 2095L, 2157L, 2235L, 
2315L, 2334L, 2341L, 2363L, 2371L, 2165L, 2171L, 2178L, 2200L, 
2208L, 2215L, 2221L, 2228L, 2257L, 2265L, 2272L, 2278L, 2285L, 
2307L, 2321L, 2328L, 2378L, 2452L, 2553L, 2559L, 2564L, 2571L, 
2397L, 2404L, 2410L, 2415L, 2422L, 2444L, 2457L, 2464L, 2470L, 
2477L, 2499L, 2507L, 2514L, 2520L, 2533L, 386L, 410L, 417L, 423L, 
430L, 236L, 244L, 251L, 257L, 264L, 286L, 294L, 301L, 315L, 322L, 
344L, 352L, 359L, 365L, 372L, 402L, 452L, 530L, 599L, 612L, 634L, 
642L, 649L, 459L, 466L, 488L, 496L, 503L, 509L, 516L, 544L, 552L, 
558L, 568L, 586L, 592L, 606L, 655L, 735L, 831L, 839L, 846L, 852L, 
859L, 677L, 685L, 692L, 698L, 705L, 727L, 742L, 749L, 755L, 762L, 
782L, 789L, 795L, 809L, 159L, 183L, 190L, 198L, 221L, 2L, 10L, 
17L, 25L, 47L, 56L, 63L, 69L, 82L, 103L, 112L, 120L, 127L, 135L, 
166L, 175L, 867L, 945L, 1023L, 1046L, 1055L, 1063L, 1070L, 874L, 
897L, 906L, 914L, 920L, 926L, 959L, 966L, 973L, 981L, 1004L, 
1013L, 1078L, 1165L, 1247L, 1283L, 1292L, 1300L, 1308L, 1086L, 
1109L, 1118L, 1126L, 1134L, 1141L, 1171L, 1180L, 1188L, 1196L, 
1203L, 1225L, 1234L, 1241L, 1255L, 1261L, 1463L, 1479L, 1487L, 
1493L, 1499L, 1320L, 1328L, 1336L, 1343L, 1367L, 1376L, 1383L, 
1396L, 1402L, 1421L, 1430L, 1438L, 1444L, 1450L, 1519L, 1598L, 
1670L, 1690L, 1696L, 1716L, 1725L, 1528L, 1535L, 1541L, 1561L, 
1570L, 1578L, 1585L, 1591L, 1619L, 1628L, 1636L, 1643L, 1648L, 
1676L, 1684L, 1733L, 1811L, 1909L, 1918L, 1926L, 1933L, 1939L, 
1752L, 1761L, 1769L, 1776L, 1782L, 1802L, 1818L, 1826L, 1833L, 
1839L, 1859L, 1868L, 1876L, 1883L, 1896L, 2102L, 2125L, 2131L, 
2137L, 1952L, 1961L, 1969L, 1976L, 1982L, 2002L, 2011L, 2019L, 
2033L, 2039L, 2059L, 2068L, 2076L, 2083L, 2089L, 2116L, 2158L, 
2236L, 2316L, 2335L, 2355L, 2364L, 2372L, 2166L, 2172L, 2192L, 
2201L, 2209L, 2216L, 2222L, 2249L, 2258L, 2266L, 2273L, 2279L, 
2299L, 2308L, 2322L, 2329L, 2379L, 2546L, 2554L, 2560L, 2565L, 
2390L, 2398L, 2405L, 2411L, 2416L, 2436L, 2445L, 2458L, 2465L, 
2471L, 2491L, 2500L, 2508L, 2515L, 2521L, 307L, 387L, 411L, 418L, 
424L, 444L, 237L, 245L, 252L, 258L, 278L, 287L, 295L, 302L, 316L, 
336L, 345L, 353L, 360L, 366L, 394L, 403L, 453L, 531L, 600L, 626L, 
635L, 643L, 650L, 460L, 480L, 489L, 497L, 504L, 510L, 536L, 545L, 
553L, 562L, 580L, 587L, 593L, 607L, 656L, 823L, 832L, 840L, 847L, 
853L, 669L, 678L, 686L, 693L, 699L, 719L, 728L, 743L, 750L, 756L, 
775L, 783L, 790L, 796L, 74L, 160L, 184L, 191L, 213L, 222L, 3L, 
11L, 18L, 40L, 48L, 57L, 64L, 70L, 95L, 104L, 113L, 121L, 128L, 
150L, 167L, 176L, 868L, 946L, 1038L, 1047L, 1056L, 1064L, 1071L, 
889L, 898L, 907L, 915L, 921L, 952L, 960L, 967L, 974L, 996L, 1005L, 
1014L, 1020L, 1079L, 1268L, 1275L, 1284L, 1293L, 1301L, 1094L, 
1101L, 1110L, 1119L, 1127L, 1149L, 1156L, 1172L, 1181L, 1189L, 
1211L, 1218L, 1226L, 1235L, 1242L, 1314L, 1389L, 1464L, 1480L, 
1506L, 1512L, 1321L, 1329L, 1337L, 1354L, 1360L, 1368L, 1377L, 
1384L, 1408L, 1414L, 1422L, 1431L, 1439L, 1457L, 1471L, 1520L, 
1599L, 1671L, 1703L, 1709L, 1717L, 1726L, 1529L, 1548L, 1554L, 
1562L, 1571L, 1579L, 1606L, 1612L, 1620L, 1629L, 1637L, 1657L, 
1663L, 1677L, 1685L, 1889L, 1902L, 1910L, 1919L, 1927L, 1739L, 
1745L, 1753L, 1762L, 1770L, 1789L, 1795L, 1803L, 1819L, 1827L, 
1846L, 1852L, 1860L, 1869L, 1877L, 1946L, 2025L, 2103L, 2126L, 
2144L, 2150L, 1953L, 1962L, 1970L, 1989L, 1995L, 2003L, 2012L, 
2020L, 2046L, 2052L, 2060L, 2069L, 2077L, 2096L, 2109L, 2117L, 
2159L, 2237L, 2342L, 2348L, 2356L, 2365L, 2373L, 2179L, 2185L, 
2193L, 2202L, 2210L, 2229L, 2242L, 2250L, 2259L, 2267L, 2286L, 
2292L, 2300L, 2309L, 2323L, 2527L, 2540L, 2547L, 2555L, 2572L, 
2383L, 2391L, 2399L, 2406L, 2423L, 2429L, 2437L, 2446L, 2459L, 
2478L, 2484L, 2492L, 2501L, 2509L, 2534L, 229L, 308L, 388L, 412L, 
431L, 437L, 445L, 238L, 246L, 265L, 271L, 279L, 288L, 296L, 323L, 
329L, 337L, 346L, 354L, 373L, 379L, 395L, 404L, 454L, 613L, 619L, 
627L, 636L, 644L, 467L, 473L, 481L, 490L, 498L, 517L, 523L, 537L, 
546L, 554L, 569L, 574L, 581L, 594L, 736L, 802L, 824L, 833L, 841L, 
860L, 662L, 670L, 679L, 687L, 706L, 712L, 720L, 729L, 744L, 763L, 
769L, 776L, 784L, 810L, 816L, 75L, 161L, 199L, 206L, 214L, 223L, 
4L, 26L, 33L, 41L, 49L, 58L, 83L, 89L, 96L, 105L, 114L, 136L, 
143L, 151L, 168L, 177L, 1024L, 1031L, 1039L, 1048L, 1057L, 875L, 
882L, 890L, 899L, 908L, 932L, 938L, 953L, 961L, 982L, 989L, 997L, 
1006L, 1015L, 1248L, 1269L, 1276L, 1285L, 1294L, 1087L, 1095L, 
1102L, 1111L, 1120L, 1142L, 1150L, 1157L, 1173L, 1182L, 1204L, 
1212L, 1219L, 1227L, 1262L, 1315L, 1390L, 1465L, 1481L, 1500L, 
1507L, 1513L, 1322L, 1330L, 1348L, 1355L, 1361L, 1369L, 1378L, 
1403L, 1409L, 1415L, 1423L, 1432L, 1451L, 1458L, 1472L, 1521L, 
1600L, 1697L, 1704L, 1710L, 1718L, 1727L, 1542L, 1549L, 1555L, 
1563L, 1572L, 1592L, 1607L, 1613L, 1621L, 1630L, 1653L, 1658L, 
1664L, 1678L, 1812L, 1890L, 1903L, 1911L, 1920L, 1940L, 1740L, 
1746L, 1754L, 1763L, 1783L, 1790L, 1796L, 1804L, 1820L, 1840L, 
1847L, 1853L, 1861L, 1870L, 1897L, 1947L, 2026L, 2104L, 2138L, 
2145L, 2151L, 1954L, 1963L, 1983L, 1990L, 1996L, 2004L, 2013L, 
2040L, 2047L, 2053L, 2061L, 2070L, 2090L, 2097L, 2110L, 2118L, 
2160L, 2336L, 2343L, 2349L, 2357L, 2366L, 2173L, 2180L, 2186L, 
2194L, 2203L, 2223L, 2230L, 2243L, 2251L, 2260L, 2280L, 2287L, 
2293L, 2301L, 2310L, 2453L, 2528L, 2541L, 2548L, 2566L, 2573L, 
2384L, 2392L, 2400L, 2417L, 2424L, 2430L, 2438L, 2447L, 2472L, 
2479L, 2485L, 2493L, 2502L, 2522L, 2535L, 230L, 309L, 389L, 425L, 
432L, 438L, 446L, 239L, 259L, 266L, 272L, 280L, 289L, 317L, 324L, 
330L, 338L, 347L, 367L, 374L, 380L, 396L, 405L, 601L, 614L, 620L, 
628L, 637L, 461L, 468L, 474L, 482L, 491L, 511L, 518L, 524L, 538L, 
547L, 563L, 570L, 575L, 588L, 657L, 737L, 803L, 825L, 834L, 854L, 
861L, 663L, 671L, 680L, 700L, 707L, 713L, 721L, 730L, 757L, 764L, 
770L, 777L, 797L, 811L, 817L, 76L, 192L, 200L, 207L, 215L, 224L, 
19L, 27L, 34L, 42L, 50L, 84L, 90L, 97L, 106L, 129L, 137L, 144L, 
152L, 169L, 947L, 1025L, 1032L, 1040L, 1049L, 1072L, 876L, 883L, 
891L, 900L, 927L, 933L, 939L, 954L, 975L, 983L, 990L, 998L, 1007L, 
1166L, 1249L, 1270L, 1277L, 1286L, 1309L, 1088L, 1096L, 1103L, 
1112L, 1135L, 1143L, 1151L, 1158L, 1174L, 1197L, 1205L, 1213L, 
1220L, 1228L, 1256L, 1263L, 1316L, 1391L, 1466L, 1494L, 1501L, 
1508L, 1514L, 1344L, 1349L, 1356L, 1362L, 1370L, 1397L, 1404L, 
1410L, 1416L, 1424L, 1445L, 1452L, 1459L, 1473L, 1522L, 1691L, 
1698L, 1705L, 1711L, 1719L, 1536L, 1543L, 1550L, 1556L, 1564L, 
1586L, 1593L, 1608L, 1614L, 1622L, 1649L, 1654L, 1659L, 1665L, 
1734L, 1813L, 1891L, 1904L, 1912L, 1934L, 1941L, 1741L, 1747L, 
1755L, 1777L, 1784L, 1791L, 1797L, 1805L, 1834L, 1841L, 1848L, 
1854L, 1862L, 1884L, 1898L, 1948L, 2027L, 2132L, 2139L, 2146L, 
2152L, 1955L, 1977L, 1984L, 1991L, 1997L, 2005L, 2034L, 2041L, 
2048L, 2054L, 2062L, 2084L, 2091L, 2098L, 2111L, 2119L, 2317L, 
2337L, 2344L, 2350L, 2358L, 2167L, 2174L, 2181L, 2187L, 2195L, 
