"nasdaq" <-
structure(list(), Data = structure(c(770.76, 774.28, 778.05, 
780.41, 782.94, 786.69, 785.52, 786.87, 787.81, 792.31, 792.18, 
793.02, 789.28, 793.03, 794.28, 790.65, 786.39, 788.8, 792.88, 
796.53, 800.47, 797.24, 799.57, 797.79, 777.28, 779.2, 782.7, 
786.53, 783.42, 781.39, 785.45, 790.12, 792.62, 790.24, 788.85, 
791.15, 789.11, 779.44, 783.78, 792.5, 788.64, 783.47, 784.58, 
790.55, 795.05, 792.12, 793.05, 789.09, 789.2, 792.8, 793.52, 
798.99, 803.85, 803.93, 797.3, 796.34, 797.51, 786.68, 783.45, 
772.5, 755.29, 744.91, 743.46, 727.41, 750.95, 750.72, 755.17, 
748.71, 748.11, 739.22, 727.38, 727.31, 727.97, 720.45, 712.85, 
705.52, 718.74, 722.56, 730.8, 734.21, 731.69, 733.84, 740.68, 
739.37, 740.3, 740.55, 732.86, 722.96, 725, 717, 719.61, 716.92, 
711.91, 711.52, 721.9, 727.31, 726.7, 724.95, 731.47, 732.07, 
731.64, 733.14, 735.19, 735.52, 739.5, 742.38, 743.43, 739.3, 
729.79, 728.88, 734.25, 731.7, 735.98, 735.84, 734.97, 729.35, 
718.85, 708.79, 712.74, 700.85, 693.79, 702.68, 702.05, 704.01, 
705.96, 706.85, 703.59, 701, 706.53, 707.46, 706.83, 709.59, 
719.35, 721.56, 721.36, 722.62, 719.32, 712.77, 715.03, 716.68, 
716.88, 715.66, 712.13, 712.43, 722.16, 724.85, 724.8, 723.69, 
720.18, 718.67, 720.47, 722.61, 728.2, 728.2, 731.61, 732.89, 
735.51, 742.66, 742.17, 742.43, 742.29, 747.98, 751.72, 754.8, 
762.94, 763.21, 766.46, 765.62, 758.95, 759.23, 759.48, 764.28, 
769.3, 763.73, 760.01, 765.83, 768.61, 778.66, 777.91, 776.72, 
766.74, 760.71, 760.44, 757.46, 755.63, 755.37, 760.01, 759.34, 
764.29, 760.88, 747.3, 746.28, 744.19, 749.96, 756.81, 765.57, 
767, 767.89, 767.08, 765.78, 764.81, 770.62, 768.24, 765.38, 
761.21, 758.26, 763.24, 767.47, 776.15, 777.49, 772.19, 771.82, 
772.1, 766.08, 762.31, 767.54, 767.25, 764.38, 762.12, 768.14, 
769.02, 769.64, 765.84, 764.67, 757.74, 741.21, 736.7, 742.52, 
745.73, 751.48, 750.32, 740.61, 745.02, 745.71, 741.23, 734.27, 
719.12, 719.05, 719.12, 719.49, 725.67, 730.68, 729.07, 727.89, 
728.51, 737.12, 739.34, 742.19, 746.19, 742.46, 749.53, 751.96, 
743.58, 745.84, 745.66, 749.69, 752.09, 756.52, 755.74, 756.51, 
762.16, 768.16, 772.14, 772.38, 768.55, 762.05, 759.51, 763.2, 
760.98, 757.56, 758.91, 751.83, 755.2, 758.31, 763.64, 772.06, 
778.85, 778.97, 783.77, 785.44, 790.43, 789.42, 790.62, 795.63, 
793.31, 786.97, 784.62, 787.93, 791.35, 791.08, 784.5, 793.73, 
791.87, 793.68, 798.79, 797.77, 791.33, 795.81, 796.24, 802.22, 
802.31, 808.24, 807.38, 809.34, 808.33, 810.49, 809.78, 809.1, 
811.39, 818.66, 822.63, 826.14, 819.16, 816.86, 817.21, 818.05, 
813.72, 816.32, 813.8, 814.69, 821.26, 824.83, 828.53, 832.64, 
830.82, 825.74, 816.55, 819.01, 823.44, 828.91, 831.28, 836.91, 
840.95, 843.98, 841.63, 841.79, 850.26, 846.75, 843.53, 849.29, 
848.17, 847.62, 853.83, 858.94, 863.06, 868.25, 871.93, 864.06, 
864.57, 871.18, 879.64, 877.98, 877.32, 871.87, 858.7, 864.58, 
868.82, 872.97, 882.85, 879.4, 881.58, 886.13, 884.38, 887.98, 
894.23, 895.72, 902.68, 908.65, 922.09, 929.83, 929.19, 940.09, 
938.87, 926.98, 919.56, 920.52, 926.81, 933.45, 934.53, 941.82, 
952.93, 969.76, 976.63, 970.22, 988.63, 994.15, 999.33, 1005.89, 
988.53, 952.87, 960.57, 961.77, 978.57, 993.75, 1000.18, 1010.66, 
1005.28, 1001.21, 991.11, 983.75, 982.7, 991.09, 995.22, 997.12, 
1005.1, 1000.61, 1004.11, 1012.44, 1012.37, 1025.75, 1029.24, 
1031.28, 1019.7, 1025.29, 1028.19, 1020.93, 1019.97, 1008.15, 
1003.64, 1012.61, 1020.11, 1019.47, 1039.3, 1044.28, 1051.08, 
1060.03, 1066.56, 1065, 1067.4, 1066.96, 1051.1, 1050.18, 1060.32, 
1065.09, 1058.51, 1053.39, 1046.15, 1038.05, 1026.54, 1047.05, 
1043.54, 1027.57, 1020.45, 1002.27, 1014.2, 1012.04, 984.74, 
983.47, 1001.57, 1015.63, 1018.38, 1018.13, 1035.44, 1045.37, 
1046.97, 1039.53, 1036.92, 1039.24, 1026.47, 1017.57, 1025.55, 
1039.69, 1036.06, 1040.5, 1057.32, 1065.66, 1062.14, 1043.9, 
1047.94, 1065.59, 1063.87, 1058.46, 1040.62, 1041.85, 1044.48, 
1045.03, 1029.47, 1024.99, 1021.24, 1030.17, 1029.32, 1050.05, 
1057.57, 1059.2, 1055.31, 1069.79, 1065.89, 1061.73, 1053.17, 
1062.41, 1061.5, 1052.07, 1056.54, 1038.19, 1030.48, 1002.56, 
1026.41, 1025.27, 1040.64, 1046.89, 1049.37, 1048.13, 1042.22, 
1052.13, 1058.65, 1046.26, 1029.82, 1033.47, 1032.37, 998.81, 
990.21, 1011.1, 1008.23, 988.57, 995.87, 998.3, 1007.24, 1018.45, 
1029.44, 1028.04, 1043.46, 1035.95, 1040.96, 1042.51, 1051.3, 
1059.79, 1069.46, 1072.11, 1083.34, 1089.08, 1084.88, 1093.17, 
1094.6, 1095.38, 1087.22, 1088.03, 1090.54, 1090.71, 1083.24, 
1096.85, 1117.11, 1117.79, 1113.05, 1106.17, 1107.55, 1100.05, 
1086.08, 1084.88, 1096.81, 1091.82, 1093.12, 1063.73, 1080.5, 
1073.05, 1088.64, 1091.07, 1099.59, 1114.42, 1112.5, 1101.82, 
1099.79, 1102.22, 1087.09, 1088.35, 1093.88, 1094.83, 1101.4, 
1106.57, 1111.29, 1115.85, 1118.21, 1105.66, 1109.15, 1105.28, 
1097.14, 1100.94, 1110.44, 1124.92, 1120.87, 1136.3, 1138.7, 
1153.5, 1166.76, 1176.83, 1184.17, 1186.89, 1188.2, 1190.52, 
1199.66, 1178.33, 1184.6, 1186.31, 1182.67, 1183.43, 1187.82, 
1202.76, 1221.87, 1234.49, 1233.56, 1239.31, 1241.88, 1248.11, 
1244.42, 1247.38, 1248.65, 1247.8, 1236.3, 1225.63, 1233.48, 
1243.43, 1238.73, 1243.68, 1249.15, 1232.52, 1229.76, 1230.04, 
1230.76, 1235.47, 1225.65, 1213.18, 1207.64, 1183.08, 1179.27, 
1167.34, 1175.44, 1182.9, 1172.58, 1153.29, 1166.01, 1185.02, 
1197.45, 1191.15, 1181.6, 1158.35, 1148.82, 1153.59, 1141.19, 
1106.36, 1103.49, 1060.19, 1053.47, 1086.65, 1109.82, 1097.68, 
1081.39, 1049.07, 1042.37, 1062.39, 1079.44, 1066.47, 1071.95, 
1080.59, 1098.85, 1124.92, 1120.53, 1128.87, 1141.11, 1137.51, 
1137.27, 1138.27, 1126.15, 1133.51, 1134.69, 1133.65, 1130.91, 
1124.67, 1126.84, 1143.96, 1143.05, 1139.22, 1149.02, 1153.88, 
1145.03, 1141.5, 1142.29, 1143.82, 1125.66, 1139.39, 1148.71, 
1149.43, 1153.95, 1165.81, 1188.67, 1193.96, 1203.31, 1205.71, 
1212.09, 1219.69, 1211.47, 1215.27, 1224.66, 1227.98, 1230.05, 
1226.92, 1221.51, 1236.11, 1233.09, 1247.56, 1250.87, 1240.15, 
1237.98, 1236.97, 1248.27, 1256.36, 1258.1, 1250.99, 1241.96, 
1242.48, 1236.41, 1220, 1227.88, 1227, 1222.6, 1215.89, 1203.05, 
1206.23, 1221.51, 1221.78, 1220.48, 1229.07, 1245.49, 1254.14, 
1257.51, 1262.67, 1256.53, 1260.72, 1270.36, 1261.8, 1254.57, 
1262.62, 1264.94, 1258.08, 1274.36, 1280.37, 1281.2, 1287.32, 
1292.61, 1299.82, 1300.37, 1297.02, 1300.12, 1287.68, 1316.27, 
1312.55, 1309.12, 1298.33, 1284.91, 1260.98, 1266.32, 1285.38, 
1295.86, 1288.56, 1279.52, 1287.63, 1294.57, 1291.38, 1287.75, 
1291.03, 1280.7, 1310.68, 1316.4, 1327.73, 1320.35, 1326.2, 1332.02, 
1330.91, 1346.36, 1333.53, 1340.46, 1349.05, 1364.28, 1376.97, 
1388.06, 1378.37, 1363.83, 1352.81, 1354.37, 1355.17, 1371.02, 
1379.85, 1376.05, 1373.75, 1348.44, 1346.4, 1357.71, 1335.34, 
1331.51, 1358.96, 1370.81, 1367.19, 1365.79, 1365.58, 1347.4, 
1334.32, 1345.08, 1347.69, 1340.55, 1312.66, 1309, 1311.18, 1317.37, 
1329.09, 1315.43, 1311.8, 1322.72, 1316.76, 1304.13, 1293.28, 
1292.97, 1279.43, 1269.34, 1249.29, 1259.26, 1254.07, 1242.64, 
1248.06, 1269.08, 1249.51, 1221.7, 1216.93, 1201, 1213.76, 1236.73, 
1251.35, 1257.37, 1249.43, 1235.77, 1206.9, 1216.41, 1212.88, 
1210.27, 1217.07, 1222.57, 1203.95, 1212.74, 1227.14, 1228.1, 
1209.29, 1217.03, 1242.63, 1260.76, 1270.5, 1305.33, 1339.24, 
1328.3, 1322.91, 1330.83, 1335.05, 1344.19, 1333.59, 1335.55, 
1353.58, 1340.73, 1341.24, 1363.88, 1373.75, 1372.6, 1389.72, 
1409.21, 1410.18, 1403.04, 1400.32, 1404.79, 1384.91, 1379.67, 
1390.05, 1404.84, 1412.04, 1401.69, 1407.85, 1411.32, 1423.03, 
1431.95, 1443.11, 1432.43, 1447.14, 1447.1, 1434.32, 1452.43, 
1446.24, 1436.38, 1438.15, 1442.07, 1438.25, 1455.61, 1467.61, 
1470.74, 1485.1, 1486.63, 1490.93, 1502.62, 1523.88, 1542.11, 
1580.63, 1568.85, 1547.99, 1536.23, 1563.86, 1567.65, 1569.13, 
1569.58, 1563.53, 1572.32, 1588.05, 1593.81, 1594.33, 1605.45, 
