"nikkei" <-
structure(list(), Data = structure(c(17370, 17783, 17882, 18124, 
18443, 18485, 18794, 18577, 18974, 18725, 18515, 19039, 19184, 
19307, 18353, 18648, 19138, 18892, 18758, 20229, 20416, 20250, 
20175, 20301, 20014, 20251, 19841, 19990, 19459, 18975, 19052, 
18931, 18960, 19394, 19343, 19342, 19765, 19803, 19997, 20217, 
19745, 19606, 19967, 19812, 19898, 19839, 20091, 20115, 20526, 
20509, 20678, 20592, 20469, 20254, 19962, 20038, 19836, 19942, 
19710, 19560, 19112, 19277, 19122, 19563, 19697, 19891, 19935, 
19898, 19648, 20060, 19987, 20165, 20277, 20192, 19882, 19799, 
19964, 19709, 19629, 19729, 19725, 19570, 19862, 19787, 19918, 
20150, 20224, 20271, 20188, 20134, 20153, 20221, 20342, 20569, 
20622, 20664, 20496, 20777, 20839, 20974, 21053, 21009, 20954, 
20727, 21043, 21262, 21403, 21395, 21553, 21354, 21283, 21367, 
21503, 21152, 20813, 20581, 21040, 20767, 20301, 20639, 20481, 
20644, 20543, 20632, 20834, 20629, 20620, 20526, 20473, 20400, 
20540, 20718, 20770, 20718, 20775, 20781, 20663, 20463, 20298, 
20345, 20137, 20248, 20449, 20271, 20660, 20633, 20677, 20522, 
20636, 20590, 20770, 20821, 20664, 20626, 20786, 20825, 20863, 
20513, 20394, 20381, 20512, 20443, 20471, 20600, 20592, 20629, 
20643, 20658, 20409, 20394, 20024, 19918, 19898, 19917, 20046, 
19919, 19796, 19554, 19837, 19885, 19834, 19814, 19469, 19508, 
19615, 19564, 19650, 19569, 19752, 19655, 19745, 19821, 20090, 
20149, 19969, 19958, 19992, 19869, 19992, 19899, 19852, 19732, 
19746, 19796, 19805, 19990, 19916, 19751, 19812, 19619, 19610, 
19424, 19265, 19284, 19261, 19392, 19307, 19337, 19303, 19122, 
18963, 18701, 18667, 18811, 18926, 19076, 19014, 18998, 19306, 
19340, 19174, 19180, 18978, 18975, 18875, 18931, 19121, 19163, 
19271, 19407, 19341, 19634, 19727, 19711, 19666, 19753, 19723, 
19684, 19616, 19519, 19445, 19501, 19548, 19410, 19331, 19241, 
19223, 19076, 18840, 17785, 18061, 18159, 18071, 18104, 18753, 
18650, 18739, 18604, 18539, 18667, 18501, 18290, 18100, 18291, 
18314, 18138, 17991, 17781, 18021, 17956, 18096, 18107, 17830, 
17473, 16809, 17053, 16619, 16963, 17040, 17041, 16955, 16621, 
16763, 16358, 16478, 16246, 16667, 16356, 16251, 16130, 15905, 
15813, 15750, 16096, 16682, 16461, 16512, 16140, 15381, 15631, 
15882, 15816, 15720, 16163, 16269, 16345, 16439, 16048, 16304, 
16225, 16376, 16643, 16968, 16804, 16910, 16826, 16884, 16807, 
16811, 17089, 17104, 16958, 16826, 16462, 16421, 16610, 16389, 
16471, 16313, 16141, 15789, 15916, 15971, 15579, 15694, 15574, 
15763, 15437, 15595, 15849, 15897, 15661, 15680, 15442, 15044, 
14813, 14600, 14660, 14867, 14703, 14700, 14666, 14951, 14926, 
15265, 15145, 14759, 14618, 14507, 14517, 14485, 14756, 14830, 
15257, 16213, 16243, 16588, 16606, 16506, 16518, 16842, 16574, 
16422, 16453, 16589, 16592, 16148, 16387, 16625, 16649, 16678, 
16359, 16721, 16894, 16741, 16615, 16839, 16789, 16729, 16792, 
16917, 17453, 18159, 18150, 18032, 17871, 17878, 17732, 17922, 
17771, 17847, 18135, 17984, 18117, 18121, 17749, 17794, 17620, 
17621, 18280, 18486, 18472, 18614, 18759, 18319, 18474, 18199, 
18035, 17714, 17566, 17922, 18262, 18023, 17913, 17740, 18143, 
18145, 18220, 18506, 18176, 17891, 17971, 17881, 18016, 17917, 
17896, 17955, 18157, 18156, 18014, 17971, 17727, 17337, 17509, 
17655, 17474, 18029, 18037, 18021, 17863, 17821, 17844, 17789, 
17803, 17683, 17940, 18151, 18384, 18384, 18240, 18215, 18543, 
18688, 18534, 18744, 18833, 18897, 18880, 19068, 19412, 19287, 
19227, 19313, 19283, 19499, 19347, 19311, 19140, 19449, 19653, 
19744, 19775, 19905, 20012, 19873, 19868, 20618, 20669, 20564, 
20652, 20612, 20378, 20287, 20567, 20570, 20370, 20366, 20197, 
20081, 20313, 20415, 20664, 20589, 20722, 20813, 20935, 20904, 
20653, 20751, 20943, 21118, 20935, 20784, 20944, 20886, 20803, 
20721, 20656, 20372, 20341, 20300, 20480, 20000, 19920, 20125, 
20169, 20064, 20184, 20241, 19957, 20156, 19796, 19950, 19735, 
19924, 20191, 20285, 20443, 20728, 20701, 20915, 21015, 21330, 
21296, 21407, 21560, 21600, 21465, 21471, 21696, 21424, 21744, 
21792, 21694, 21660, 21883, 21868, 21816, 21813, 21884, 22124, 
22120, 22282, 22230, 22235, 22041, 21815, 21662, 21495, 21729, 
21412, 21420, 21172, 21301, 22056, 22147, 21917, 21979, 22092, 
21958, 21724, 21798, 21700, 21945, 22022, 21886, 21956, 21589, 
21858, 21881, 21804, 21752, 21719, 21818, 22105, 22082, 22289, 
22245, 22332, 22367, 22437, 22531, 22603, 22597, 22667, 22502, 
22531, 22456, 22348, 22379, 22293, 22232, 21925, 21920, 21779, 
21893, 21656, 21753, 21406, 21413, 21566, 21476, 21006, 21164, 
20631, 20884, 21125, 20968, 20880, 20693, 20985, 20940, 21077, 
20745, 20478, 20731, 20551, 20667, 20865, 20981, 20968, 20834, 
21106, 21127, 21275, 21363, 21229, 20884, 20910, 20710, 20553, 
20167, 20107, 20198, 20202, 20380, 20153, 20202, 20560, 20571, 
20444, 20843, 21311, 21157, 21323, 21112, 21172, 21351, 21461, 
21547, 21556, 21463, 21499, 21332, 21148, 21161, 21039, 20871, 
20968, 21029, 21430, 21397, 21424, 21612, 21303, 21124, 21082, 
21003, 20740, 20885, 20958, 20682, 20467, 20633, 20592, 20992, 
20771, 21201, 21065, 21206, 20979, 21031, 20930, 20796, 20956, 
21190, 21143, 21216, 21294, 21418, 21345, 21036, 21020, 20675, 
20631, 20660, 20944, 20277, 20604, 20822, 20568, 20501, 20341, 
20422, 20413, 20093, 19571, 19690, 19162, 19549, 19292, 19369, 
19361, 19446, 18896, 18680, 18074, 17304, 18119, 18093, 18144, 
18090, 17480, 17358, 18014, 17909, 17689, 17335, 17797, 18335, 
17864, 18330, 18086, 18314, 18186, 18038, 17867, 18181, 18314, 
18410, 18688, 18722, 18751, 18471, 18599, 19052, 19035, 18897, 
19070, 18991, 19022, 18557, 18429, 18565, 18274, 18041, 18199, 
18114, 18268, 18183, 17900, 17924, 18054, 18445, 18494, 18633, 
18044, 18440, 18472, 18210, 18190, 18003, 17870, 18037, 18129, 
17861, 17716, 18022, 17703, 17486, 17847, 17692, 17934, 18031, 
18093, 18352, 18552, 18544, 18735, 18698, 18613, 18670, 19151, 
19275, 19515, 20181, 20049, 20062, 19803, 20144, 20129, 20210, 
20056, 20325, 20490, 20333, 19842, 19877, 20009, 20044, 19890, 
20351, 20312, 20069, 20452, 20563, 20612, 20488, 20486, 20224, 
20533, 20290, 20564, 20528, 20681, 20594, 20498, 20508, 20386, 
20436, 20342, 20679, 20625, 20524, 20605, 20176, 20196, 20121, 
19968, 19705, 19854, 19697, 19755, 19875, 20229, 20069, 20359, 
20519, 20249, 20157, 20131, 20286, 20390, 20575, 20403, 20213, 
20331, 19804, 19668, 19514, 19702, 19476, 19604, 18824, 19099, 
19009, 19222, 19326, 19041, 18961, 19252, 19157, 18650, 18656, 
18815, 18442, 18451, 18229, 17974, 18233, 18735, 18615, 18650, 
18634, 18696, 18705, 18282, 17966, 17975, 17683, 17930, 18058, 
18201, 18420, 18342, 17995, 17987, 17888, 17842, 17455, 17647, 
17825, 17511, 17619, 17377, 17205, 17306, 17331, 17707, 17478, 
17295, 17210, 17688, 17152, 17364, 17039, 16313, 16857, 16365, 
16459, 16500, 16448, 16534, 15836, 15697, 15867, 15434, 15427, 
15083, 16283, 16727, 15842, 16308, 16722, 15868, 16046, 16603, 
16633, 17008, 16910, 16586, 16307, 16424, 16132, 16687, 16478, 
16050, 15904, 15909, 15985, 16541, 16162, 15315, 14799, 14925, 
15300, 14803, 14775, 15259, 14957, 14896, 15028, 15019, 14995, 
14664, 14756, 15122, 16046, 16262, 16367, 16684, 16406, 16789, 
17073, 16982, 16974, 17015, 16628, 16777, 17023, 16883, 17003, 
17040, 17205, 17205, 17175, 16791, 16776, 16791, 16614, 16616, 
16756, 16610, 16198, 16361, 16502, 16832, 17264, 17168, 17096, 
16849, 17132, 16977, 16983, 16756, 16575, 17060, 16861, 16997, 
16620, 16679, 16830, 16869, 16606, 16658, 16981, 16739, 16263, 
16527, 16242, 15703, 15518, 15706, 15979, 16377, 16537, 16481, 
16318, 16277, 16299, 15884, 15704, 15697, 15826, 15762, 15762, 
16011, 15650, 15395.43, 15641.26, 15601.1, 15243.84, 15143.03, 
15149, 15381.9, 15322.48, 15343.81, 15307.69, 15242.86, 15384.47, 
15551.65, 15652.95, 15845.25, 15801.65, 15783.12, 15884.82, 15664.29, 
