`nikkei.df` <-
structure(list(DATE = structure(c(165L, 172L, 180L, 188L, 1L, 
8L, 15L, 22L, 29L, 47L, 55L, 62L, 70L, 78L, 102L, 110L, 117L, 
125L, 133L, 157L, 824L, 901L, 982L, 990L, 1014L, 1022L, 1029L, 
831L, 854L, 862L, 869L, 877L, 885L, 917L, 925L, 932L, 940L, 948L, 
972L, 1037L, 1124L, 1199L, 1220L, 1244L, 1252L, 1260L, 1045L, 
1053L, 1077L, 1085L, 1093L, 1100L, 1108L, 1139L, 1146L, 1153L, 
1161L, 1184L, 1192L, 1207L, 1213L, 1267L, 1431L, 1439L, 1446L, 
1452L, 1459L, 1282L, 1290L, 1297L, 1303L, 1310L, 1332L, 1340L, 
1354L, 1360L, 1367L, 1389L, 1397L, 1404L, 1410L, 1551L, 1646L, 
1666L, 1481L, 1488L, 1494L, 1501L, 1523L, 1531L, 1538L, 1544L, 
1559L, 1581L, 1589L, 1596L, 1602L, 1609L, 1631L, 1639L, 1674L, 
1752L, 1830L, 1859L, 1867L, 1874L, 1880L, 1680L, 1702L, 1710L, 
1717L, 1723L, 1730L, 1759L, 1767L, 1774L, 1780L, 1787L, 1809L, 
1817L, 1824L, 1837L, 1887L, 2061L, 2069L, 2076L, 2082L, 2089L, 
1902L, 1910L, 1917L, 1923L, 1930L, 1952L, 1960L, 1974L, 1976L, 
1981L, 2003L, 2011L, 2018L, 2024L, 2031L, 2103L, 2181L, 2261L, 
2280L, 2287L, 2309L, 2317L, 2111L, 2117L, 2124L, 2146L, 2154L, 
2161L, 2167L, 2174L, 2203L, 2211L, 2218L, 2224L, 2231L, 2253L, 
2267L, 2274L, 2324L, 2395L, 2486L, 2494L, 2501L, 2507L, 2514L, 
2346L, 2354L, 2361L, 2367L, 2387L, 2402L, 2409L, 2415L, 2436L, 
2444L, 2451L, 2457L, 2471L, 360L, 384L, 391L, 397L, 404L, 222L, 
228L, 234L, 240L, 261L, 269L, 276L, 290L, 297L, 318L, 326L, 333L, 
339L, 346L, 376L, 424L, 502L, 579L, 599L, 607L, 614L, 431L, 438L, 
460L, 468L, 475L, 481L, 488L, 516L, 524L, 531L, 536L, 558L, 566L, 
573L, 620L, 700L, 789L, 797L, 804L, 810L, 817L, 642L, 650L, 657L, 
663L, 670L, 692L, 707L, 714L, 720L, 739L, 747L, 754L, 760L, 774L, 
166L, 173L, 181L, 203L, 2L, 9L, 16L, 23L, 48L, 56L, 63L, 71L, 
94L, 103L, 111L, 118L, 126L, 149L, 158L, 825L, 902L, 983L, 1006L, 
1015L, 1023L, 1030L, 832L, 846L, 855L, 863L, 870L, 878L, 909L, 
918L, 926L, 933L, 941L, 964L, 973L, 1038L, 1125L, 1200L, 1236L, 
1245L, 1253L, 1261L, 1046L, 1069L, 1078L, 1086L, 1094L, 1101L, 
1131L, 1140L, 1147L, 1154L, 1176L, 1185L, 1193L, 1208L, 1214L, 
1417L, 1432L, 1440L, 1447L, 1453L, 1274L, 1283L, 1291L, 1298L, 
1304L, 1324L, 1333L, 1341L, 1355L, 1361L, 1381L, 1390L, 1398L, 
1405L, 1411L, 1473L, 1552L, 1658L, 1667L, 1482L, 1489L, 1495L, 
1515L, 1524L, 1532L, 1539L, 1545L, 1573L, 1582L, 1590L, 1597L, 
1603L, 1623L, 1632L, 1640L, 1675L, 1753L, 1851L, 1860L, 1868L, 
1875L, 1881L, 1694L, 1703L, 1711L, 1718L, 1724L, 1744L, 1760L, 
1768L, 1775L, 1781L, 1801L, 1810L, 1818L, 1825L, 1838L, 2038L, 
2062L, 2070L, 2077L, 2083L, 1894L, 1903L, 1911L, 1918L, 1924L, 
1944L, 1953L, 1961L, 1975L, 1977L, 1995L, 2004L, 2012L, 2019L, 
2025L, 2053L, 2104L, 2182L, 2262L, 2281L, 2301L, 2310L, 2318L, 
2112L, 2118L, 2138L, 2147L, 2155L, 2162L, 2168L, 2195L, 2204L, 
2212L, 2219L, 2225L, 2245L, 2254L, 2268L, 2275L, 2325L, 2478L, 
2487L, 2495L, 2502L, 2508L, 2338L, 2347L, 2355L, 2362L, 2379L, 
2388L, 2403L, 2410L, 2416L, 2428L, 2437L, 2445L, 2452L, 2458L, 
282L, 361L, 385L, 392L, 398L, 417L, 223L, 229L, 235L, 253L, 262L, 
270L, 277L, 291L, 310L, 319L, 327L, 334L, 340L, 368L, 377L, 425L, 
503L, 591L, 600L, 608L, 615L, 432L, 452L, 461L, 469L, 476L, 482L, 
508L, 517L, 525L, 532L, 550L, 559L, 567L, 574L, 621L, 781L, 790L, 
798L, 805L, 811L, 634L, 643L, 651L, 658L, 664L, 684L, 693L, 708L, 
715L, 721L, 733L, 740L, 748L, 755L, 761L, 167L, 174L, 196L, 204L, 
3L, 10L, 17L, 40L, 49L, 57L, 64L, 86L, 95L, 104L, 112L, 119L, 
141L, 150L, 159L, 826L, 903L, 998L, 1007L, 1016L, 1024L, 1031L, 
847L, 856L, 864L, 871L, 893L, 910L, 919L, 927L, 934L, 956L, 965L, 
974L, 980L, 1039L, 1221L, 1228L, 1237L, 1246L, 1254L, 1054L, 
1061L, 1070L, 1079L, 1087L, 1109L, 1116L, 1135L, 1141L, 1162L, 
1169L, 1177L, 1186L, 1194L, 1268L, 1347L, 1418L, 1433L, 1441L, 
1460L, 1466L, 1275L, 1284L, 1292L, 1311L, 1317L, 1325L, 1334L, 
1342L, 1368L, 1374L, 1382L, 1391L, 1399L, 1425L, 1474L, 1553L, 
1651L, 1659L, 1668L, 1483L, 1502L, 1508L, 1516L, 1525L, 1533L, 
1560L, 1566L, 1574L, 1583L, 1591L, 1610L, 1616L, 1624L, 1633L, 
1641L, 1831L, 1844L, 1852L, 1861L, 1869L, 1681L, 1687L, 1695L, 
1704L, 1712L, 1731L, 1737L, 1745L, 1761L, 1769L, 1788L, 1794L, 
1802L, 1811L, 1819L, 1888L, 1967L, 2039L, 2063L, 2071L, 2090L, 
2096L, 1895L, 1904L, 1912L, 1931L, 1937L, 1945L, 1954L, 1962L, 
1982L, 1988L, 1996L, 2005L, 2013L, 2032L, 2046L, 2054L, 2105L, 
2183L, 2288L, 2294L, 2302L, 2311L, 2319L, 2125L, 2131L, 2139L, 
2148L, 2156L, 2175L, 2188L, 2196L, 2205L, 2213L, 2232L, 2238L, 
2246L, 2255L, 2269L, 2396L, 2464L, 2479L, 2488L, 2496L, 2515L, 
2331L, 2339L, 2348L, 2356L, 2372L, 2380L, 2389L, 2404L, 2422L, 
2429L, 2438L, 2446L, 2472L, 211L, 283L, 362L, 386L, 405L, 411L, 
418L, 224L, 241L, 246L, 254L, 263L, 271L, 298L, 304L, 311L, 320L, 
328L, 347L, 353L, 369L, 378L, 426L, 584L, 592L, 601L, 609L, 439L, 
445L, 453L, 462L, 470L, 489L, 495L, 509L, 518L, 526L, 537L, 543L, 
551L, 560L, 568L, 701L, 767L, 782L, 791L, 799L, 818L, 627L, 635L, 
644L, 652L, 671L, 677L, 685L, 694L, 709L, 727L, 734L, 741L, 749L, 
775L, 182L, 189L, 197L, 205L, 4L, 24L, 30L, 41L, 50L, 72L, 79L, 
87L, 96L, 105L, 127L, 134L, 142L, 151L, 160L, 984L, 991L, 999L, 
1008L, 1017L, 833L, 839L, 840L, 848L, 857L, 879L, 886L, 894L, 
911L, 920L, 942L, 949L, 957L, 966L, 975L, 1201L, 1222L, 1229L, 
1238L, 1247L, 1047L, 1055L, 1062L, 1071L, 1080L, 1102L, 1110L, 
1117L, 1136L, 1155L, 1163L, 1170L, 1178L, 1187L, 1215L, 1269L, 
1348L, 1419L, 1434L, 1454L, 1461L, 1467L, 1276L, 1285L, 1305L, 
1312L, 1318L, 1326L, 1335L, 1362L, 1369L, 1375L, 1383L, 1392L, 
1412L, 1426L, 1475L, 1554L, 1647L, 1652L, 1660L, 1669L, 1496L, 
1503L, 1509L, 1517L, 1526L, 1546L, 1561L, 1567L, 1575L, 1584L, 
1604L, 1611L, 1617L, 1625L, 1634L, 1754L, 1832L, 1845L, 1853L, 
1862L, 1882L, 1682L, 1688L, 1696L, 1705L, 1725L, 1732L, 1738L, 
1746L, 1762L, 1782L, 1789L, 1795L, 1803L, 1812L, 1839L, 1889L, 
1968L, 2040L, 2064L, 2084L, 2091L, 2097L, 1896L, 1905L, 1925L, 
1932L, 1938L, 1946L, 1955L, 1983L, 1989L, 1997L, 2006L, 2026L, 
2033L, 2047L, 2055L, 2106L, 2282L, 2289L, 2295L, 2303L, 2312L, 
2119L, 2126L, 2132L, 2140L, 2149L, 2169L, 2176L, 2189L, 2197L, 
2206L, 2226L, 2233L, 2239L, 2247L, 2256L, 2326L, 2397L, 2465L, 
2480L, 2489L, 2509L, 2516L, 2332L, 2340L, 2349L, 2368L, 2373L, 
2381L, 2390L, 2417L, 2423L, 2430L, 2439L, 2459L, 2473L, 212L, 
284L, 363L, 399L, 406L, 412L, 419L, 236L, 242L, 247L, 255L, 264L, 
292L, 299L, 305L, 312L, 321L, 341L, 348L, 354L, 370L, 379L, 580L, 
585L, 593L, 602L, 433L, 440L, 446L, 454L, 463L, 483L, 490L, 496L, 
510L, 519L, 538L, 544L, 552L, 561L, 622L, 702L, 768L, 783L, 792L, 
812L, 819L, 628L, 636L, 645L, 665L, 672L, 678L, 686L, 695L, 722L, 
728L, 735L, 742L, 762L, 776L, 175L, 183L, 190L, 198L, 206L, 18L, 
25L, 31L, 42L, 65L, 73L, 80L, 88L, 97L, 120L, 128L, 135L, 143L, 
152L, 904L, 985L, 992L, 1000L, 1009L, 1032L, 834L, 841L, 849L, 
872L, 880L, 887L, 895L, 912L, 935L, 943L, 950L, 958L, 967L, 1126L, 
1202L, 1223L, 1230L, 1239L, 1262L, 1048L, 1056L, 1063L, 1072L, 
1095L, 1103L, 1111L, 1118L, 1132L, 1148L, 1156L, 1164L, 1171L, 
1179L, 1209L, 1216L, 1270L, 1349L, 1420L, 1448L, 1455L, 1462L, 
1468L, 1277L, 1299L, 1306L, 1313L, 1319L, 1327L, 1356L, 1363L, 
1370L, 1376L, 1384L, 1406L, 1413L, 1427L, 1476L, 1648L, 1653L, 
1661L, 1490L, 1497L, 1504L, 1510L, 1518L, 1540L, 1547L, 1562L, 
1568L, 1576L, 1598L, 1605L, 1612L, 1618L, 1626L, 1676L, 1755L, 
1833L, 1846L, 1854L, 1876L, 1883L, 1683L, 1689L, 1697L, 1719L, 
1726L, 1733L, 1739L, 1747L, 1776L, 1783L, 1790L, 1796L, 1804L, 
1826L, 1840L, 1890L, 1969L, 2041L, 2078L, 2085L, 2092L, 2098L, 
1897L, 1919L, 1926L, 1933L, 1939L, 1947L, 1978L, 1984L, 1990L, 
1998L, 2020L, 2027L, 2034L, 2048L, 2056L, 2263L, 2283L, 2290L, 
2296L, 2304L, 2113L, 2120L, 2127L, 2133L, 2141L, 2163L, 2170L, 
2177L, 2190L, 2198L, 2220L, 2227L, 2234L, 2240L, 2248L, 2276L, 
2327L, 2398L, 2466L, 2481L, 2503L, 2510L, 2517L, 2333L, 2341L, 
