"spdata.raw" <-
structure(list(year = c(1981, 1982, 1983, 1984, 1985, 1986, 1987, 
1988, 1989, 1990, 1991, 1992, 1993, 1994, 1995, 1996, 1997, 1998, 
1999, 2000), Aobligors = c(484, 478, 455, 457, 514, 551, 505, 
520, 561, 584, 602, 678, 762, 845, 1024, 1087, 1144, 1183, 1208, 
1215), Adefaults = c(0, 2, 0, 0, 0, 1, 0, 0, 0, 0, 0, 0, 0, 1, 
0, 0, 0, 0, 1, 1), BBBobligors = c(267, 292, 305, 295, 282, 295, 
317, 333, 334, 347, 376, 399, 458, 528, 639, 718, 834, 997, 1085, 
1157), BBBdefaults = c(0, 1, 1, 2, 0, 1, 0, 0, 2, 2, 2, 0, 0, 
0, 2, 0, 1, 3, 2, 4), BBobligors = c(217, 167, 171, 172, 204, 
232, 268, 291, 282, 286, 241, 243, 286, 374, 428, 471, 551, 662, 
793, 887), BBdefaults = c(0, 7, 2, 2, 3, 3, 1, 3, 2, 10, 6, 0, 
1, 1, 3, 3, 1, 5, 8, 10), Bobligors = c(81, 162, 157, 181, 204, 
291, 358, 418, 416, 365, 287, 225, 236, 346, 405, 438, 476, 700, 
899, 961), Bdefaults = c(0, 5, 7, 6, 11, 25, 12, 16, 14, 31, 
39, 16, 5, 9, 17, 11, 15, 32, 63, 69), CCCobligors = c(11, 14, 
16, 19, 19, 17, 63, 59, 55, 48, 61, 51, 50, 26, 29, 28, 27, 32, 
73, 86), CCCdefaults = c(0, 3, 0, 3, 2, 3, 6, 13, 16, 15, 19, 
12, 6, 4, 8, 1, 3, 11, 22, 25)), class = "data.frame", row.names = c("1", 
"2", "3", "4", "5", "6", "7", "8", "9", "10", "11", "12", "13", 
"14", "15", "16", "17", "18", "19", "20"), .Names = c("year", 
"Aobligors", "Adefaults", "BBBobligors", "BBBdefaults", "BBobligors", 
"BBdefaults", "Bobligors", "Bdefaults", "CCCobligors", "CCCdefaults"
))
