"spdata" <-
structure(list(year = c(1981, 1981, 1981, 1981, 1981, 1982, 1982, 
1982, 1982, 1982, 1983, 1983, 1983, 1983, 1983, 1984, 1984, 1984, 
1984, 1984, 1985, 1985, 1985, 1985, 1985, 1986, 1986, 1986, 1986, 
1986, 1987, 1987, 1987, 1987, 1987, 1988, 1988, 1988, 1988, 1988, 
1989, 1989, 1989, 1989, 1989, 1990, 1990, 1990, 1990, 1990, 1991, 
1991, 1991, 1991, 1991, 1992, 1992, 1992, 1992, 1992, 1993, 1993, 
1993, 1993, 1993, 1994, 1994, 1994, 1994, 1994, 1995, 1995, 1995, 
1995, 1995, 1996, 1996, 1996, 1996, 1996, 1997, 1997, 1997, 1997, 
1997, 1998, 1998, 1998, 1998, 1998, 1999, 1999, 1999, 1999, 1999, 
2000, 2000, 2000, 2000, 2000), rating = structure(as.integer(c(1, 
4, 3, 2, 5, 1, 4, 3, 2, 5, 1, 4, 3, 2, 5, 1, 4, 3, 2, 5, 1, 4, 
3, 2, 5, 1, 4, 3, 2, 5, 1, 4, 3, 2, 5, 1, 4, 3, 2, 5, 1, 4, 3, 
2, 5, 1, 4, 3, 2, 5, 1, 4, 3, 2, 5, 1, 4, 3, 2, 5, 1, 4, 3, 2, 
5, 1, 4, 3, 2, 5, 1, 4, 3, 2, 5, 1, 4, 3, 2, 5, 1, 4, 3, 2, 5, 
1, 4, 3, 2, 5, 1, 4, 3, 2, 5, 1, 4, 3, 2, 5)), class = "factor", .Label = c("A", 
"B", "BB", "BBB", "C")), firms = c(484, 267, 217, 81, 11, 478, 
292, 167, 162, 14, 455, 305, 171, 157, 16, 457, 295, 172, 181, 
19, 514, 282, 204, 204, 19, 551, 295, 232, 291, 17, 505, 317, 
268, 358, 63, 520, 333, 291, 418, 59, 561, 334, 282, 416, 55, 
584, 347, 286, 365, 48, 602, 376, 241, 287, 61, 678, 399, 243, 
225, 51, 762, 458, 286, 236, 50, 845, 528, 374, 346, 26, 1024, 
639, 428, 405, 29, 1087, 718, 471, 438, 28, 1144, 834, 551, 476, 
27, 1183, 997, 662, 700, 32, 1208, 1085, 793, 899, 73, 1215, 
1157, 887, 961, 86), defaults = c(0, 0, 0, 0, 0, 2, 1, 7, 5, 
3, 0, 1, 2, 7, 0, 0, 2, 2, 6, 3, 0, 0, 3, 11, 2, 1, 1, 3, 25, 
3, 0, 0, 1, 12, 6, 0, 0, 3, 16, 13, 0, 2, 2, 14, 16, 0, 2, 10, 
31, 15, 0, 2, 6, 39, 19, 0, 0, 0, 16, 12, 0, 0, 1, 5, 6, 1, 0, 
1, 9, 4, 0, 2, 3, 17, 8, 0, 0, 3, 11, 1, 0, 1, 1, 15, 3, 0, 3, 
5, 32, 11, 1, 2, 8, 63, 22, 1, 4, 10, 69, 25)), class = "data.frame", row.names = c("1", 
"2", "3", "4", "5", "6", "7", "8", "9", "10", "11", "12", "13", 
"14", "15", "16", "17", "18", "19", "20", "21", "22", "23", "24", 
"25", "26", "27", "28", "29", "30", "31", "32", "33", "34", "35", 
"36", "37", "38", "39", "40", "41", "42", "43", "44", "45", "46", 
"47", "48", "49", "50", "51", "52", "53", "54", "55", "56", "57", 
"58", "59", "60", "61", "62", "63", "64", "65", "66", "67", "68", 
"69", "70", "71", "72", "73", "74", "75", "76", "77", "78", "79", 
"80", "81", "82", "83", "84", "85", "86", "87", "88", "89", "90", 
"91", "92", "93", "94", "95", "96", "97", "98", "99", "100"), .Names = c("year", 
"rating", "firms", "defaults"))
