"xdax" <-
structure(list(), Data = structure(c(2268, 2253.6, 2233.4, 2220.2, 
2211.6, 2233.8, 2228.8, 2209.2, 2164.7, 2141.8, 2137.4, 2113.8, 
2134.4, 2116.2, 2075.6, 2080, 2126.8, 2119.2, 2125.1, 2133.5, 
2177.5, 2179.7, 2184, 2151.7, 2138.3, 2079.4, 2107.2, 2085.3, 
2119, 2090.6, 2116, 2115.6, 2136.6, 2128.7, 2152, 2119.5, 2107.6, 
2127.7, 2090.3, 2075, 2091.6, 2067.1, 2020.3, 2038, 2060.1, 2109, 
2124, 2115.1, 2141.1, 2103.5, 2145.2, 2165.6, 2172.7, 2175.1, 
2155.6, 2131.3, 2141.3, 2161.1, 2161.7, 2130.1, 2161.4, 2168.4, 
2147.5, 2133.1, 2158.3, 2191.2, 2201.4, 2203.4, 2225.3, 2210.6, 
2209.2, 2198.7, 2200.4, 2228.8, 2172.4, 2182.6, 2197, 2213.9, 
2202.2, 2243.2, 2253.6, 2251.2, 2246, 2268.7, 2252.3, 2249, 2235.8, 
2237, 2218.9, 2235.2, 2243.6, 2258.8, 2271.1, 2259.7, 2267.4, 
2247.8, 2249.7, 2198.7, 2158.8, 2130.3, 2141, 2118.2, 2127.7, 
2129.7, 2148.4, 2163.1, 2135.1, 2145.2, 2129.3, 2133.1, 2105.8, 
2074.7, 2074.7, 2054.9, 2050.7, 1968.8, 1983.3, 1994.4, 2022.1, 
2005.3, 1988.6, 2018.3, 2046.3, 2025.3, 2036.5, 2054.4, 2032.7, 
2035.7, 2043.9, 2050.9, 2065.7, 2048.1, 2054, 2055.6, 2093.6, 
2098.2, 2128.8, 2138.7, 2113.3, 2150.3, 2136.2, 2152, 2140.4, 
2122.8, 2146.6, 2153.8, 2186.4, 2198.9, 2183.4, 2184.8, 2184.7, 
2164.2, 2160.4, 2155.3, 2124.7, 2138.8, 2143.1, 2162.3, 2153.6, 
2149.6, 2123.8, 2107.9, 2126.4, 2152.2, 2161.5, 2193.2, 2210.9, 
2212.9, 2200.8, 2204.7, 2174.5, 2165.9, 2163.8, 2172.4, 2185.2, 
2154.6, 2136.1, 2124.1, 2114, 2118.7, 2096.8, 2079, 2079.5, 2073, 
2089.1, 2068.7, 2058.7, 2068.1, 2043.6, 2011.8, 1995, 1968.7, 
1961, 1960.6, 2024.8, 2071.1, 2077.6, 2082.6, 2105.7, 2090.9, 
2084.8, 2051.2, 2070, 2022.2, 2025.4, 1974.6, 2020.5, 2013.2, 
2040.3, 2071.6, 2069.7, 2042.4, 2051.5, 2067.6, 2043.5, 2053.4, 
2096.5, 2082.4, 2078.4, 2089.3, 2110.8, 2102.7, 2100.2, 2105.3, 
2074.8, 2033.3, 2056, 2051.6, 2058.5, 2044.3, 2048.3, 2046.6, 
2038.5, 2071.1, 2046.9, 2055.6, 2042.2, 2028.3, 2024.8, 2011.3, 
2024.8, 2052.6, 2070.1, 2075.9, 2079.9, 2086.7, 2100.7, 2094, 
2106.2, 2109, 2077, 2106.6, 2079.5, 2074.8, 2072.3, 2062.5, 2053.9, 
2059.2, 2051.1, 2061.1, 2071.3, 2055.6, 2085.6, 2083.9, 2078.9, 
2089.4, 2055.6, 2026.8, 2018, 2026.8, 2030.7, 2031.7, 2035, 2021.3, 
2048.4, 2045.3, 2058, 2089.7, 2092.5, 2087.6, 2112.7, 2130.2, 
2117, 2133.2, 2135, 2115.7, 2117, 2101.5, 2097, 2093.2, 2118.2, 
2118.6, 2099.3, 2102.2, 2126.2, 2118.7, 2109.5, 2070.3, 2053.3, 
2025.2, 2001.6, 1994, 1999.5, 2000.5, 2010.1, 1992.1, 2005.2, 
1991.8, 1983, 1984.1, 1936.1, 1925.4, 1946.9, 1911, 1918.9, 1918.5, 
1922.6, 1930.8, 1965, 1969.8, 1979.3, 1981.9, 1972.3, 1993.7, 
1988.5, 1986.5, 1965.3, 1951, 1956, 1976.6, 1976.2, 2007, 2029.5, 
2026.1, 2015.9, 2035.9, 2028.7, 2044.8, 2023.8, 2024.8, 2039.6, 
2059.1, 2078.1, 2096.9, 2086.7, 2110.5, 2095.3, 2087.1, 2065.1, 
2083.2, 2080.4, 2105.1, 2077.9, 2067.4, 2087.7, 2092.2, 2126.4, 
2136.3, 2146.4, 2141.1, 2131, 2121.8, 2119.6, 2115.1, 2128, 2120, 
2141.8, 2136.7, 2143.7, 2148.7, 2139.8, 2130.4, 2122.4, 2096.4, 
2106.6, 2083.9, 2092.3, 2114.9, 2105.7, 2121.2, 2153.4, 2179.3, 
2201.9, 2199.1, 2214.4, 2184.9, 2199.6, 2193, 2182.9, 2184.3, 
2201.9, 2197.5, 2229.1, 2240.8, 2234.4, 2230, 2218.7, 2220, 2241.5, 
2240.7, 2236, 2243.4, 2237.7, 2221.8, 2218.7, 2232.9, 2208.5, 
2227.6, 2252.9, 2260.3, 2263.5, 2269.4, 2258.9, 2263.4, 2262.9, 
2249.3, 2241.1, 2231.6, 2240.1, 2238.3, 2233.1, 2250.3, 2264.8, 
2277.1, 2268, 2273.7, 2260.8, 2270.8, 2295.5, 2300, 2317, 2301.4, 
2311.3, 2305.1, 2287.3, 2211.8, 2208.4, 2227.9, 2185.4, 2171.9, 
2187, 2205, 2217.8, 2208.8, 2171.4, 2168.7, 2138.8, 2145.3, 2158.1, 
2196.8, 2191.4, 2201, 2194.8, 2179.6, 2170.5, 2107.4, 2113.6, 
2150.1, 2131.8, 2096.1, 2146.1, 2167.9, 2163.2, 2184, 2181.7, 
2165.8, 2175, 2172.3, 2192.8, 2172.2, 2175.3, 2197.3, 2186.2, 
2200.7, 2201.3, 2218.3, 2205.1, 2193.3, 2192.3, 2198.2, 2238.1, 
2241.5, 2245.6, 2242.8, 2260.7, 2252.2, 2261, 2267.2, 2263.1, 
2267.5, 2272.8, 2289.8, 2277.8, 2285.9, 2284.8, 2266.2, 2235.6, 
2262.1, 2265.1, 2280.4, 2280.4, 2275.8, 2253.9, 2284.9, 2329.2, 
2324.3, 2331.9, 2323.5, 2349.7, 2338.2, 2329.5, 2356.5, 2359.1, 
2376.9, 2371.3, 2380.9, 2398.8, 2390.5, 2384.5, 2423.1, 2443.7, 
2432.9, 2446.1, 2435.8, 2470.1, 2459.3, 2452.1, 2419, 2428.3, 
2446.2, 2430.2, 2411.9, 2428.1, 2433.9, 2427.1, 2423, 2429, 2398.6, 
2382.6, 2391.1, 2412, 2451.8, 2442.3, 2444.9, 2472.5, 2473.6, 
2501.2, 2488, 2479, 2466, 2480.9, 2469.1, 2407.8, 2436, 2426.4, 
2426.5, 2458.2, 2463.2, 2493.3, 2485.9, 2504.1, 2504.2, 2510.3, 
2499.3, 2525.4, 2508.4, 2485.9, 2489.1, 2501.2, 2494.4, 2495.2, 
2503.3, 2530, 2509.7, 2511.8, 2545.9, 2538.4, 2524.2, 2535.5, 
2536.5, 2545.9, 2550.2, 2538.3, 2532.4, 2537.2, 2506.5, 2505.3, 
2502.3, 2457.5, 2468.9, 2479.5, 2472.6, 2469.4, 2468.8, 2496.2, 
2519.7, 2528.8, 2537.3, 2550, 2570.8, 2556.9, 2560.5, 2542.2, 
2558.3, 2551.5, 2527.3, 2542.8, 2532.8, 2546.3, 2552.5, 2557.4, 
2558.8, 2546.4, 2568.9, 2567.5, 2548.8, 2546.1, 2549.3, 2554.3, 
2539.7, 2540.1, 2566.4, 2573, 2573.7, 2551.6, 2561.4, 2564, 2572.3, 
2569, 2577.4, 2583.5, 2551, 2562.2, 2567.4, 2575.5, 2544.3, 2550.5, 
2469.8, 2497.2, 2506.2, 2520.2, 2482.4, 2475.1, 2447.8, 2465, 
2470.3, 2477.8, 2457.5, 2473.4, 2494.5, 2508.7, 2520.9, 2522.5, 
2531.9, 2538.2, 2525.6, 2528.2, 2539.4, 2538.7, 2546.3, 2548.4, 
2562.8, 2560.3, 2543.7, 2557.3, 2555.2, 2552.4, 2558.8, 2563.2, 
2560.1, 2543.8, 2532.9, 2510.8, 2532.4, 2529.5, 2517, 2548.7, 
2570.1, 2566.8, 2570.3, 2596, 2629.9, 2628.1, 2625.7, 2624.4, 
2646.1, 2627, 2638.5, 2659, 2666.6, 2659, 2651.9, 2655.7, 2676.5, 
2683.3, 2702.6, 2691.2, 2703, 2680.8, 2686, 2693.9, 2728.5, 2714.9, 
2716.3, 2734.8, 2729, 2719, 2699.5, 2678.4, 2674.2, 2703.8, 2673.6, 
2678.7, 2659.3, 2683.3, 2671.9, 2691.3, 2729.2, 2713.2, 2739.8, 
2728.3, 2734.3, 2773.4, 2777, 2795.8, 2763.8, 2764.1, 2774.5, 
2772.3, 2763.7, 2799.2, 2810.6, 2797, 2817.5, 2845.5, 2858.6, 
2887, 2866.1, 2909.9, 2792, 2857.2, 2891, 2841.1, 2847.1, 2799.7, 
2855.8, 2815.1, 2820.8, 2807.8, 2854.5, 2845.6, 2852.9, 2888.7, 
2848.8, 2859.3, 2881.3, 2886.1, 2906.3, 2892.6, 2933.4, 2955, 
2949, 2988.5, 2993.3, 3001.4, 3030.7, 2976.7, 3028.7, 3033.5, 
2998.2, 2994.5, 2989.3, 2999.2, 3017.3, 3035.2, 3062.3, 3067.1, 
3098, 3104.1, 3138, 3184.4, 3187.6, 3216.1, 3229.5, 3248.2, 3232.6, 
3276.2, 3233.8, 3196, 3184.1, 3184.2, 3233.2, 3237.9, 3276.7, 
3259.6, 3263.9, 3320.7, 3365, 3417.6, 3376.2, 3436.1, 3460.6, 
3415.4, 3349.8, 3359.3, 3351, 3291.2, 3315.9, 3264.7, 3298.2, 
3321.8, 3349.1, 3418.1, 3429.1, 3295.9, 3301.9, 3215.2, 3244.9, 
3312.9, 3329.8, 3359.5, 3351.5, 3340.1, 3279.9, 3327.7, 3353.5, 
3383.3, 3344.4, 3347.6, 3340.3, 3396, 3397.4, 3374.1, 3363.1, 
3383.2, 3438.1, 3460.4, 3528.8, 3568.3, 3552, 3562.4, 3575.4, 
3595.2, 3573.7, 3562.1, 3604.6, 3543.4, 3596.1, 3579.4, 3602.2, 
3657.9, 3674.4, 3636.4, 3562.7, 3596.4, 3655.6, 3651.6, 3684.6, 
3700.5, 3668.6, 3671.2, 3671.9, 3737.2, 3752.4, 3750, 3721.2, 
3730.6, 3777.6, 3788.5, 3748.8, 3761.1, 3819.5, 3820.2, 3809.9, 
3766.9, 3834.8, 3867.5, 3939.7, 3946.7, 4003.4, 4030.1, 4027, 
4000.7, 4074.3, 4142.2, 4139.7, 4223.7, 4203.9, 4131.9, 4140, 
4297.6, 4384.8, 4320.5, 4368.5, 4400.3, 4377.7, 4458.7, 4405.5, 
4337, 4302.5, 4325.9, 4364.3, 4428.1, 4342.3, 4333.2, 4377.5, 
4237.1, 4195.5, 4077.6, 4080.6, 4190.5, 4251.9, 4204.8, 4090.1, 
4076.8, 3993.7, 3992, 3897.4, 3919.8, 4001.8, 4127.3, 4062.1, 
4093.4, 4073.7, 4131.3, 4104.6, 4028, 3890.2, 3796.6, 3869.5, 
3995.7, 3970.4, 4004, 3983.1, 4096.9, 4091.8, 4151, 4104.9, 4135.1, 
4116.5, 4154.9, 4263, 4266.2, 4326.4, 4311.1, 4267.4, 4179.9, 
4164.6, 4225.3, 4215.2, 4168.6, 4149.9, 4049.2, 4069.3, 4172.5, 
4124.9, 3976.4, 3981.4, 3871.4, 3645.7, 3806.7, 3748.9, 3753.7, 
3847.7, 3784.8, 3841.4, 3813.9, 3715.4, 3728.4, 3734.8, 3697.5, 
3701.9, 3676.7, 3816.7, 3844.1, 3876.9, 3931.8, 3941.9, 3832.1, 
3850.1, 3926.9, 3962, 3972.1, 4125.9, 4096.4, 4074.6, 4159.7, 
