`xdax.df` <-
structure(list(DATE = structure(c(166L, 190L, 197L, 205L, 213L, 
1L, 9L, 16L, 24L, 32L, 56L, 64L, 71L, 87L, 95L, 119L, 127L, 134L, 
142L, 150L, 182L, 858L, 944L, 1025L, 1033L, 1057L, 1065L, 1072L, 
865L, 873L, 897L, 905L, 912L, 920L, 928L, 960L, 968L, 975L, 983L, 
991L, 1015L, 1080L, 1167L, 1249L, 1269L, 1293L, 1301L, 1309L, 
1088L, 1096L, 1120L, 1128L, 1136L, 1143L, 1151L, 1182L, 1190L, 
1198L, 1205L, 1213L, 1236L, 1243L, 1257L, 1263L, 1482L, 1487L, 
1493L, 1500L, 1328L, 1336L, 1343L, 1347L, 1353L, 1373L, 1380L, 
1393L, 1399L, 1404L, 1425L, 1433L, 1440L, 1446L, 1453L, 1579L, 
1653L, 1675L, 1681L, 1688L, 1709L, 1513L, 1520L, 1532L, 1553L, 
1560L, 1567L, 1573L, 1587L, 1615L, 1621L, 1626L, 1633L, 1660L, 
1668L, 1717L, 1869L, 1896L, 1903L, 1910L, 1916L, 1722L, 1743L, 
1751L, 1758L, 1763L, 1770L, 1798L, 1806L, 1813L, 1819L, 1826L, 
1848L, 1856L, 1863L, 1875L, 1923L, 2103L, 2111L, 2118L, 2124L, 
2131L, 1938L, 1946L, 1953L, 1959L, 1966L, 1988L, 1996L, 2010L, 
2016L, 2023L, 2045L, 2053L, 2060L, 2066L, 2073L, 2145L, 2223L, 
2303L, 2322L, 2329L, 2351L, 2359L, 2153L, 2159L, 2166L, 2188L, 
2196L, 2203L, 2209L, 2216L, 2245L, 2253L, 2260L, 2266L, 2273L, 
2295L, 2309L, 2316L, 2366L, 2445L, 2544L, 2552L, 2559L, 2565L, 
2572L, 2387L, 2395L, 2402L, 2408L, 2415L, 2437L, 2452L, 2459L, 
2465L, 2472L, 2494L, 2502L, 2509L, 2515L, 2529L, 413L, 420L, 
426L, 433L, 244L, 252L, 259L, 265L, 272L, 294L, 302L, 309L, 323L, 
330L, 352L, 360L, 367L, 373L, 380L, 405L, 455L, 532L, 611L, 624L, 
646L, 654L, 661L, 462L, 469L, 491L, 499L, 511L, 518L, 546L, 554L, 
561L, 567L, 574L, 596L, 604L, 618L, 667L, 747L, 823L, 831L, 838L, 
844L, 851L, 689L, 697L, 704L, 710L, 717L, 739L, 754L, 761L, 767L, 
774L, 781L, 788L, 794L, 808L, 79L, 167L, 191L, 198L, 206L, 229L, 
2L, 10L, 17L, 25L, 48L, 57L, 65L, 72L, 88L, 111L, 120L, 128L, 
135L, 143L, 174L, 183L, 859L, 945L, 1026L, 1049L, 1058L, 1066L, 
1073L, 866L, 889L, 898L, 906L, 913L, 921L, 952L, 961L, 969L, 
976L, 984L, 1007L, 1016L, 1081L, 1168L, 1250L, 1285L, 1294L, 
1302L, 1310L, 1089L, 1112L, 1121L, 1129L, 1137L, 1144L, 1174L, 
1183L, 1191L, 1199L, 1206L, 1228L, 1237L, 1244L, 1258L, 1264L, 
1460L, 1475L, 1483L, 1488L, 1494L, 1321L, 1329L, 1337L, 1344L, 
1374L, 1381L, 1394L, 1400L, 1418L, 1426L, 1434L, 1441L, 1447L, 
1580L, 1654L, 1676L, 1682L, 1702L, 1710L, 1514L, 1521L, 1526L, 
1545L, 1554L, 1561L, 1568L, 1574L, 1600L, 1608L, 1616L, 1627L, 
1646L, 1661L, 1669L, 1718L, 1792L, 1897L, 1904L, 1911L, 1917L, 
1735L, 1744L, 1752L, 1764L, 1784L, 1799L, 1807L, 1814L, 1820L, 
1840L, 1849L, 1857L, 1864L, 1876L, 2080L, 2104L, 2112L, 2119L, 
2125L, 1930L, 1939L, 1947L, 1954L, 1960L, 1980L, 1989L, 1997L, 
2011L, 2017L, 2037L, 2046L, 2054L, 2061L, 2067L, 2095L, 2146L, 
2224L, 2304L, 2323L, 2343L, 2352L, 2360L, 2154L, 2160L, 2180L, 
2189L, 2197L, 2204L, 2210L, 2237L, 2246L, 2254L, 2261L, 2267L, 
2287L, 2296L, 2310L, 2317L, 2367L, 2536L, 2545L, 2553L, 2560L, 
2566L, 2380L, 2388L, 2396L, 2403L, 2409L, 2429L, 2438L, 2453L, 
2460L, 2466L, 2486L, 2495L, 2503L, 2510L, 2516L, 315L, 414L, 
421L, 427L, 447L, 245L, 253L, 260L, 266L, 286L, 295L, 303L, 310L, 
324L, 344L, 353L, 361L, 368L, 374L, 397L, 406L, 456L, 533L, 612L, 
638L, 647L, 655L, 662L, 463L, 483L, 492L, 500L, 506L, 512L, 538L, 
547L, 555L, 562L, 568L, 588L, 597L, 605L, 619L, 668L, 815L, 824L, 
832L, 839L, 845L, 681L, 690L, 698L, 705L, 711L, 731L, 740L, 755L, 
762L, 768L, 782L, 789L, 795L, 80L, 168L, 192L, 199L, 221L, 230L, 
3L, 11L, 18L, 40L, 49L, 58L, 66L, 73L, 103L, 112L, 121L, 129L, 
136L, 158L, 175L, 184L, 860L, 946L, 1041L, 1050L, 1059L, 1067L, 
1074L, 881L, 890L, 899L, 907L, 914L, 936L, 953L, 962L, 970L, 
977L, 999L, 1008L, 1017L, 1023L, 1082L, 1270L, 1277L, 1286L, 
1295L, 1303L, 1097L, 1104L, 1113L, 1122L, 1130L, 1152L, 1159L, 
1175L, 1184L, 1192L, 1214L, 1221L, 1229L, 1238L, 1245L, 1316L, 
1387L, 1461L, 1476L, 1506L, 1322L, 1330L, 1338L, 1354L, 1360L, 
1366L, 1375L, 1382L, 1405L, 1411L, 1419L, 1427L, 1435L, 1454L, 
1468L, 1581L, 1655L, 1689L, 1695L, 1703L, 1711L, 1515L, 1533L, 
1538L, 1546L, 1562L, 1588L, 1594L, 1601L, 1609L, 1617L, 1639L, 
1647L, 1662L, 1670L, 1870L, 1882L, 1889L, 1905L, 1723L, 1729L, 
1736L, 1745L, 1753L, 1771L, 1777L, 1785L, 1800L, 1808L, 1827L, 
1833L, 1841L, 1850L, 1858L, 1924L, 2003L, 2081L, 2105L, 2113L, 
2132L, 2138L, 1931L, 1940L, 1948L, 1967L, 1973L, 1981L, 1990L, 
1998L, 2024L, 2030L, 2038L, 2047L, 2055L, 2074L, 2088L, 2096L, 
2147L, 2225L, 2330L, 2336L, 2344L, 2353L, 2361L, 2167L, 2173L, 
2181L, 2190L, 2198L, 2217L, 2230L, 2238L, 2247L, 2255L, 2274L, 
2280L, 2288L, 2297L, 2311L, 2446L, 2522L, 2537L, 2546L, 2554L, 
2573L, 2373L, 2381L, 2389L, 2397L, 2416L, 2422L, 2430L, 2439L, 
2454L, 2473L, 2479L, 2487L, 2496L, 2504L, 2530L, 237L, 316L, 
415L, 434L, 440L, 448L, 246L, 254L, 273L, 279L, 287L, 296L, 304L, 
331L, 337L, 345L, 354L, 362L, 381L, 387L, 398L, 407L, 457L, 625L, 
631L, 639L, 648L, 656L, 470L, 476L, 484L, 493L, 501L, 519L, 525L, 
539L, 548L, 556L, 575L, 581L, 589L, 598L, 606L, 748L, 801L, 816L, 
825L, 833L, 852L, 674L, 682L, 691L, 699L, 718L, 724L, 732L, 741L, 
756L, 775L, 783L, 809L, 81L, 169L, 207L, 214L, 222L, 231L, 4L, 
26L, 33L, 41L, 50L, 59L, 89L, 96L, 104L, 113L, 122L, 144L, 151L, 
159L, 176L, 185L, 1027L, 1034L, 1042L, 1051L, 1060L, 867L, 874L, 
882L, 891L, 900L, 922L, 929L, 937L, 954L, 963L, 985L, 992L, 1000L, 
1009L, 1018L, 1251L, 1271L, 1278L, 1287L, 1296L, 1090L, 1098L, 
1105L, 1114L, 1123L, 1145L, 1153L, 1160L, 1176L, 1185L, 1207L, 
1215L, 1222L, 1230L, 1317L, 1388L, 1462L, 1477L, 1495L, 1501L, 
1507L, 1323L, 1331L, 1348L, 1355L, 1361L, 1367L, 1376L, 1401L, 
1406L, 1412L, 1420L, 1428L, 1448L, 1455L, 1469L, 1582L, 1683L, 
1690L, 1696L, 1712L, 1527L, 1534L, 1539L, 1547L, 1555L, 1589L, 
1595L, 1602L, 1610L, 1628L, 1634L, 1640L, 1663L, 1793L, 1871L, 
1883L, 1890L, 1898L, 1918L, 1724L, 1730L, 1737L, 1746L, 1765L, 
1772L, 1778L, 1786L, 1801L, 1821L, 1828L, 1834L, 1842L, 1851L, 
1877L, 1925L, 2004L, 2082L, 2106L, 2126L, 2133L, 2139L, 1932L, 
1941L, 1961L, 1968L, 1974L, 1982L, 1991L, 2018L, 2025L, 2031L, 
2039L, 2048L, 2068L, 2075L, 2089L, 2097L, 2148L, 2324L, 2331L, 
2337L, 2345L, 2354L, 2161L, 2168L, 2174L, 2182L, 2191L, 2211L, 
2218L, 2231L, 2239L, 2248L, 2268L, 2275L, 2281L, 2289L, 2298L, 
2368L, 2447L, 2523L, 2538L, 2547L, 2567L, 2574L, 2374L, 2382L, 
2390L, 2410L, 2417L, 2423L, 2431L, 2440L, 2467L, 2474L, 2480L, 
2488L, 2497L, 2517L, 2531L, 238L, 317L, 428L, 435L, 441L, 449L, 
247L, 267L, 274L, 280L, 288L, 297L, 325L, 332L, 338L, 346L, 355L, 
375L, 382L, 388L, 399L, 408L, 613L, 626L, 632L, 640L, 649L, 464L, 
471L, 477L, 485L, 494L, 513L, 520L, 526L, 540L, 549L, 569L, 576L, 
582L, 590L, 599L, 669L, 749L, 802L, 817L, 826L, 846L, 853L, 675L, 
683L, 692L, 712L, 719L, 725L, 733L, 742L, 769L, 776L, 796L, 810L, 
82L, 200L, 208L, 215L, 223L, 232L, 19L, 27L, 34L, 42L, 51L, 74L, 
90L, 97L, 105L, 114L, 137L, 145L, 152L, 160L, 177L, 947L, 1028L, 
1035L, 1043L, 1052L, 1075L, 868L, 875L, 883L, 892L, 915L, 923L, 
930L, 938L, 955L, 978L, 986L, 993L, 1001L, 1010L, 1169L, 1252L, 
1272L, 1279L, 1288L, 1311L, 1091L, 1099L, 1106L, 1115L, 1138L, 
1146L, 1154L, 1161L, 1177L, 1200L, 1208L, 1216L, 1223L, 1231L, 
1259L, 1265L, 1318L, 1389L, 1463L, 1489L, 1496L, 1502L, 1508L, 
1349L, 1356L, 1362L, 1368L, 1395L, 1402L, 1407L, 1413L, 1421L, 
1442L, 1449L, 1456L, 1470L, 1677L, 1684L, 1691L, 1697L, 1704L, 
1522L, 1528L, 1535L, 1540L, 1548L, 1569L, 1575L, 1590L, 1603L, 
1622L, 1629L, 1635L, 1641L, 1648L, 1794L, 1872L, 1884L, 1891L, 
1912L, 1919L, 1725L, 1738L, 1759L, 1766L, 1773L, 1779L, 1787L, 
1815L, 1822L, 1829L, 1835L, 1843L, 1865L, 1878L, 1926L, 2005L, 
2083L, 2120L, 2127L, 2134L, 2140L, 1933L, 1955L, 1962L, 1969L, 
1975L, 1983L, 2012L, 2019L, 2026L, 2032L, 2040L, 2062L, 2069L, 
2076L, 2090L, 2098L, 2305L, 2325L, 2332L, 2338L, 2346L, 2155L, 
2162L, 2169L, 2175L, 2183L, 2205L, 2212L, 2219L, 2232L, 2240L, 
